[['blu', [[1.0, 0.0, 0.0, -0.286], [0.0, 1.0, 0.0, -0.291], [0.0, 0.0, 1.0, 0.0125], [0.0, 0.0, 0.0, 1.0]]], ['grn', [[1.0, 0.0, 0.0, -0.297], [0.0, 1.0, 0.0, -0.413], [0.0, 0.0, 1.0, 0.0125], [0.0, 0.0, 0.0, 1.0]]], ['NOT', [[1.0, 0.0, 0.0, -0.304], [0.0, 1.0, 0.0, -0.537], [0.0, 0.0, 1.0, 0.0125], [0.0, 0.0, 0.0, 1.0]]]]
{'obs': {'Object 1': {'Probability': {'blu': 0.6, 'ylw': 0.2, 'grn': 0.2}, 'Pose': [1.0, 0.0, 0.0, 0.0338965351828535, 0.0, 1.0, 0.0, 0.05740257406789287, 0.0, 0.0, 1.0, 0.2563466157200228, 0.0, 0.0, 0.0, 1.0], 'Count': 5, 'Time': 1722307470.7501166}, 'Object 2': {'Probability': {'blu': 0.5, 'ylw': 0.0, 'grn': 0.5}, 'Pose': [1.0, 0.0, 0.0, 0.15162277933520754, 0.0, 1.0, 0.0, 0.04061607263406736, 0.0, 0.0, 1.0, 0.16309574961662293, 0.0, 0.0, 0.0, 1.0], 'Count': 2, 'Time': 1722307470.7675185}, 'Object 3': {'Probability': {'blu': 0.4, 'ylw': 0.2, 'grn': 0.4}, 'Pose': [1.0, 0.0, 0.0, 0.0, 0.0, 1.0, 0.0, 0.0, 0.0, 0.0, 1.0, 0.0, 0.0, 0.0, 0.0, 1.0], 'Count': 5, 'Time': 1722307470.7852752}, 'Object 4': {'Probability': {'blu': 0.2, 'ylw': 0.2, 'grn': 0.6}, 'Pose': [1.0, 0.0, 0.0, 0.08081952705906739, 0.0, 1.0, 0.0, 0.14851853058273767, 0.0, 0.0, 1.0, 0.3233487034295393, 0.0, 0.0, 0.0, 1.0], 'Count': 5, 'Time': 1722307470.8019986}, 'Object 5': {'Probability': {'blu': 0.3333333333333333, 'ylw': 0.3333333333333333, 'grn': 0.3333333333333333}, 'Pose': [1.0, 0.0, 0.0, 0.0, 0.0, 1.0, 0.0, 0.0, 0.0, 0.0, 1.0, 0.0, 0.0, 0.0, 0.0, 1.0], 'Count': 3, 'Time': 1722307470.818475}, 'Object 6': {'Probability': {'blu': 1.0, 'ylw': 0.0, 'grn': 0.0}, 'Pose': [1.0, 0.0, 0.0, 0.0, 0.0, 1.0, 0.0, 0.0, 0.0, 0.0, 1.0, 0.0, 0.0, 0.0, 0.0, 1.0], 'Count': 1, 'Time': 1722307470.8349051}}, 'cam': [[0.40824398560570213, -0.7071471859854389, 0.5773038243157984, -0.4139529957274519], [-0.40823911917223493, -0.7070663726708574, -0.5774062401945046, -0.08800405687817663], [0.8165033189119617, 4.462007716366508e-05, -0.5773407383987378, 0.1404819506329183], [0.0, 0.0, 0.0, 1.0]]}
{'obs': {'Object 1': {'Probability': {'blu': 0.5, 'ylw': 0.25, 'grn': 0.25}, 'Pose': [1.0, 0.0, 0.0, 0.012502644224971332, 0.0, 1.0, 0.0, 0.020494590032549956, 0.0, 0.0, 1.0, 0.22750122906285963, 0.0, 0.0, 0.0, 1.0], 'Count': 4, 'Time': 1722307477.0278811}, 'Object 2': {'Probability': {'blu': 0.3333333333333333, 'ylw': 0.16666666666666666, 'grn': 0.5}, 'Pose': [1.0, 0.0, 0.0, 0.06342656767172929, 0.0, 1.0, 0.0, 0.1161943898711354, 0.0, 0.0, 1.0, 0.29793933232595565, 0.0, 0.0, 0.0, 1.0], 'Count': 6, 'Time': 1722307477.0448895}, 'Object 3': {'Probability': {'blu': 0.5, 'ylw': 0.0, 'grn': 0.5}, 'Pose': [1.0, 0.0, 0.0, 0.14558905985798834, 0.0, 1.0, 0.0, 0.03938843315854421, 0.0, 0.0, 1.0, 0.15679447221845838, 0.0, 0.0, 0.0, 1.0], 'Count': 2, 'Time': 1722307477.0620058}, 'Object 4': {'Probability': {'blu': 0.4, 'ylw': 0.2, 'grn': 0.4}, 'Pose': [1.0, 0.0, 0.0, 0.0, 0.0, 1.0, 0.0, 0.0, 0.0, 0.0, 1.0, 0.0, 0.0, 0.0, 0.0, 1.0], 'Count': 5, 'Time': 1722307477.075246}, 'Object 5': {'Probability': {'blu': 0.42857142857142855, 'ylw': 0.14285714285714285, 'grn': 0.42857142857142855}, 'Pose': [1.0, 0.0, 0.0, 0.0, 0.0, 1.0, 0.0, 0.0, 0.0, 0.0, 1.0, 0.0, 0.0, 0.0, 0.0, 1.0], 'Count': 7, 'Time': 1722307477.0887475}, 'Object 6': {'Probability': {'blu': 0.4, 'ylw': 0.4, 'grn': 0.2}, 'Pose': [1.0, 0.0, 0.0, 0.0, 0.0, 1.0, 0.0, 0.0, 0.0, 0.0, 1.0, 0.0, 0.0, 0.0, 0.0, 1.0], 'Count': 5, 'Time': 1722307477.1020021}, 'Object 7': {'Probability': {'blu': 0.5, 'ylw': 0.0, 'grn': 0.5}, 'Pose': [1.0, 0.0, 0.0, 0.10935681472486455, 0.0, 1.0, 0.0, -0.015169100154208198, 0.0, 0.0, 1.0, 0.1290295676044796, 0.0, 0.0, 0.0, 1.0], 'Count': 2, 'Time': 1722307477.1156738}, 'Object 8': {'Probability': {'blu': 1.0, 'ylw': 0.0, 'grn': 0.0}, 'Pose': [1.0, 0.0, 0.0, 0.10444127507489333, 0.0, 1.0, 0.0, 0.04372783880223298, 0.0, 0.0, 1.0, 0.10585658056171317, 0.0, 0.0, 0.0, 1.0], 'Count': 1, 'Time': 1722307477.1290007}}, 'cam': [[0.40827407483748307, -0.7070884410667264, 0.5773544979693358, -0.4139759135326717], [-0.40826989440230493, -0.7071251206774658, -0.5773125297718817, -0.13802360449790263], [0.8164728857349322, -1.4720933934669924e-05, -0.5773837776063391, 0.1404582336658978], [0.0, 0.0, 0.0, 1.0]]}
{'obs': {'Object 1': {'Probability': {'blu': 0.6, 'ylw': 0.2, 'grn': 0.2}, 'Pose': [1.0, 0.0, 0.0, -0.008532561673662016, 0.0, 1.0, 0.0, -0.016351110894837647, 0.0, 0.0, 1.0, 0.19812718125630724, 0.0, 0.0, 0.0, 1.0], 'Count': 5, 'Time': 1722307483.134533}, 'Object 2': {'Probability': {'blu': 0.2, 'ylw': 0.2, 'grn': 0.6}, 'Pose': [1.0, 0.0, 0.0, 0.04135733497095051, 0.0, 1.0, 0.0, 0.08010971976422676, 0.0, 0.0, 1.0, 0.2664054802683312, 0.0, 0.0, 0.0, 1.0], 'Count': 5, 'Time': 1722307483.1481478}, 'Object 3': {'Probability': {'blu': 0.5, 'ylw': 0.0, 'grn': 0.5}, 'Pose': [1.0, 0.0, 0.0, 0.18407133506245615, 0.0, 1.0, 0.0, 0.04543354997138676, 0.0, 0.0, 1.0, 0.21113849284085626, 0.0, 0.0, 0.0, 1.0], 'Count': 2, 'Time': 1722307483.1619222}, 'Object 4': {'Probability': {'blu': 0.5, 'ylw': 0.0, 'grn': 0.5}, 'Pose': [1.0, 0.0, 0.0, 0.0031563543988627793, 0.0, 1.0, 0.0, -0.01677868175833395, 0.0, 0.0, 1.0, 0.19760862610977112, 0.0, 0.0, 0.0, 1.0], 'Count': 2, 'Time': 1722307483.1770458}, 'Object 5': {'Probability': {'blu': 0.4, 'ylw': 0.2, 'grn': 0.4}, 'Pose': [1.0, 0.0, 0.0, 0.0, 0.0, 1.0, 0.0, 0.0, 0.0, 0.0, 1.0, 0.0, 0.0, 0.0, 0.0, 1.0], 'Count': 5, 'Time': 1722307483.1905012}, 'Object 6': {'Probability': {'blu': 0.3333333333333333, 'ylw': 0.3333333333333333, 'grn': 0.3333333333333333}, 'Pose': [1.0, 0.0, 0.0, 0.3254130940437498, 0.0, 1.0, 0.0, -0.004289013226557401, 0.0, 0.0, 1.0, 0.4261727292429317, 0.0, 0.0, 0.0, 1.0], 'Count': 3, 'Time': 1722307483.2040763}, 'Object 7': {'Probability': {'blu': 0.25, 'ylw': 0.25, 'grn': 0.5}, 'Pose': [1.0, 0.0, 0.0, 0.0, 0.0, 1.0, 0.0, 0.0, 0.0, 0.0, 1.0, 0.0, 0.0, 0.0, 0.0, 1.0], 'Count': 4, 'Time': 1722307483.2173345}, 'Object 8': {'Probability': {'blu': 1.0, 'ylw': 0.0, 'grn': 0.0}, 'Pose': [1.0, 0.0, 0.0, -0.009095531830002217, 0.0, 1.0, 0.0, -0.02895636133981841, 0.0, 0.0, 1.0, 0.19658855573584635, 0.0, 0.0, 0.0, 1.0], 'Count': 1, 'Time': 1722307483.230794}}, 'cam': [[0.40820808551661353, -0.7070895750135702, 0.5773997677744509, -0.4139527913284158], [-0.4082532362189509, -0.7071239846992375, -0.5773257012985186, -0.18804616596413], [0.8165142093286649, -5.630453938564876e-05, -0.5773253353129273, 0.1404287053187085], [0.0, 0.0, 0.0, 1.0]]}
{'obs': {'Object 1': {'Probability': {'blu': 0.5, 'ylw': 0.25, 'grn': 0.25}, 'Pose': [1.0, 0.0, 0.0, -0.028193879088207377, 0.0, 1.0, 0.0, -0.05304837326883622, 0.0, 0.0, 1.0, 0.17072950585403707, 0.0, 0.0, 0.0, 1.0], 'Count': 4, 'Time': 1722307489.3386557}, 'Object 2': {'Probability': {'blu': 0.25, 'ylw': 0.25, 'grn': 0.5}, 'Pose': [1.0, 0.0, 0.0, 0.021907637437615576, 0.0, 1.0, 0.0, 0.04480850420358585, 0.0, 0.0, 1.0, 0.23792590413754286, 0.0, 0.0, 0.0, 1.0], 'Count': 4, 'Time': 1722307489.355478}, 'Object 3': {'Probability': {'blu': 0.5, 'ylw': 0.0, 'grn': 0.5}, 'Pose': [1.0, 0.0, 0.0, 0.17748366963526793, 0.0, 1.0, 0.0, 0.046919389389854405, 0.0, 0.0, 1.0, 0.19744931452282488, 0.0, 0.0, 0.0, 1.0], 'Count': 2, 'Time': 1722307489.3720617}, 'Object 4': {'Probability': {'blu': 0.3333333333333333, 'ylw': 0.3333333333333333, 'grn': 0.3333333333333333}, 'Pose': [1.0, 0.0, 0.0, 0.0, 0.0, 1.0, 0.0, 0.0, 0.0, 0.0, 1.0, 0.0, 0.0, 0.0, 0.0, 1.0], 'Count': 6, 'Time': 1722307489.3898144}, 'Object 5': {'Probability': {'blu': 0.3333333333333333, 'ylw': 0.3333333333333333, 'grn': 0.3333333333333333}, 'Pose': [1.0, 0.0, 0.0, 0.0, 0.0, 1.0, 0.0, 0.0, 0.0, 0.0, 1.0, 0.0, 0.0, 0.0, 0.0, 1.0], 'Count': 3, 'Time': 1722307489.4059033}, 'Object 6': {'Probability': {'blu': 1.0, 'ylw': 0.0, 'grn': 0.0}, 'Pose': [1.0, 0.0, 0.0, 0.0, 0.0, 1.0, 0.0, 0.0, 0.0, 0.0, 1.0, 0.0, 0.0, 0.0, 0.0, 1.0], 'Count': 1, 'Time': 1722307489.4202511}}, 'cam': [[0.40847068163020056, -0.7070733553388688, 0.5772338974959742, -0.4140041230369642], [-0.40824381124560966, -0.7071401866512224, -0.577312521085879, -0.23801885977170364], [0.8163875873800498, 0.00016307270768451396, -0.577504355463293, 0.1405110707443269], [0.0, 0.0, 0.0, 1.0]]}
{'obs': {'Object 1': {'Probability': {'blu': 0.2, 'ylw': 0.2, 'grn': 0.6}, 'Pose': [1.0, 0.0, 0.0, 0.0009283618641174519, 0.0, 1.0, 0.0, 0.00976878304772706, 0.0, 0.0, 1.0, 0.2083012369820203, 0.0, 0.0, 0.0, 1.0], 'Count': 5, 'Time': 1722307495.580134}, 'Object 2': {'Probability': {'blu': 0.5, 'ylw': 0.0, 'grn': 0.5}, 'Pose': [1.0, 0.0, 0.0, -0.04862465250546306, 0.0, 1.0, 0.0, -0.07956608137928167, 0.0, 0.0, 1.0, 0.15711377325401843, 0.0, 0.0, 0.0, 1.0], 'Count': 2, 'Time': 1722307495.5947566}, 'Object 3': {'Probability': {'blu': 0.5, 'ylw': 0.0, 'grn': 0.5}, 'Pose': [1.0, 0.0, 0.0, 0.17248764868689243, 0.0, 1.0, 0.0, 0.04323015319718699, 0.0, 0.0, 1.0, 0.19494700279051574, 0.0, 0.0, 0.0, 1.0], 'Count': 2, 'Time': 1722307495.6081157}, 'Object 4': {'Probability': {'blu': 0.4, 'ylw': 0.4, 'grn': 0.2}, 'Pose': [1.0, 0.0, 0.0, 0.0, 0.0, 1.0, 0.0, 0.0, 0.0, 0.0, 1.0, 0.0, 0.0, 0.0, 0.0, 1.0], 'Count': 5, 'Time': 1722307495.6213772}, 'Object 5': {'Probability': {'blu': 0.3333333333333333, 'ylw': 0.3333333333333333, 'grn': 0.3333333333333333}, 'Pose': [1.0, 0.0, 0.0, 0.0, 0.0, 1.0, 0.0, 0.0, 0.0, 0.0, 1.0, 0.0, 0.0, 0.0, 0.0, 1.0], 'Count': 3, 'Time': 1722307495.6344438}, 'Object 6': {'Probability': {'blu': 1.0, 'ylw': 0.0, 'grn': 0.0}, 'Pose': [1.0, 0.0, 0.0, 0.09478593994810183, 0.0, 1.0, 0.0, -0.013684449425613658, 0.0, 0.0, 1.0, 0.10308400094509125, 0.0, 0.0, 0.0, 1.0], 'Count': 1, 'Time': 1722307495.647579}}, 'cam': [[0.4082048090372195, -0.7071011613645699, 0.5773878951586737, -0.4139361405696665], [-0.4082613482004828, -0.7071123988572791, -0.5773341553622372, -0.2880335045778364], [0.8165117913688759, -5.458187181272559e-05, -0.5773287551962127, 0.14047412513380414], [0.0, 0.0, 0.0, 1.0]]}
{'obs': {'Object 1': {'Probability': {'blu': 0.16666666666666666, 'ylw': 0.16666666666666666, 'grn': 0.6666666666666666}, 'Pose': [1.0, 0.0, 0.0, -0.018915236570640082, 0.0, 1.0, 0.0, -0.02794380688523068, 0.0, 0.0, 1.0, 0.18133666417418887, 0.0, 0.0, 0.0, 1.0], 'Count': 6, 'Time': 1722307501.7277758}, 'Object 2': {'Probability': {'blu': 1.0, 'ylw': 0.0, 'grn': 0.0}, 'Pose': [1.0, 0.0, 0.0, 0.15863687490854567, 0.0, 1.0, 0.0, 0.03940684389442685, 0.0, 0.0, 1.0, 0.1763965492618495, 0.0, 0.0, 0.0, 1.0], 'Count': 1, 'Time': 1722307501.7419715}}, 'cam': [[0.40829879184115053, -0.7071008459765945, 0.5773218255013759, -0.41395295289447165], [-0.40821882413755345, -0.707112713511531, -0.5773638385023021, -0.3380418446275078], [0.8164860612409803, 6.332095814154944e-05, -0.5773651425135107, 0.14048469037188804], [0.0, 0.0, 0.0, 1.0]]}
{'obs': {'Object 1': {'Probability': {'blu': 0.4, 'ylw': 0.2, 'grn': 0.4}, 'Pose': [1.0, 0.0, 0.0, -0.03902835354806369, 0.0, 1.0, 0.0, -0.06368653037660588, 0.0, 0.0, 1.0, 0.15277422669467772, 0.0, 0.0, 0.0, 1.0], 'Count': 5, 'Time': 1722307507.7774093}, 'Object 2': {'Probability': {'blu': 0.4, 'ylw': 0.4, 'grn': 0.2}, 'Pose': [1.0, 0.0, 0.0, 0.0, 0.0, 1.0, 0.0, 0.0, 0.0, 0.0, 1.0, 0.0, 0.0, 0.0, 0.0, 1.0], 'Count': 5, 'Time': 1722307507.7914035}, 'Object 3': {'Probability': {'blu': 0.5, 'ylw': 0.0, 'grn': 0.5}, 'Pose': [1.0, 0.0, 0.0, 0.12988303865085946, 0.0, 1.0, 0.0, 0.02902771794308093, 0.0, 0.0, 1.0, 0.14188006693540617, 0.0, 0.0, 0.0, 1.0], 'Count': 2, 'Time': 1722307507.8047197}, 'Object 4': {'Probability': {'blu': 0.5, 'ylw': 0.0, 'grn': 0.5}, 'Pose': [1.0, 0.0, 0.0, 0.3297390299926795, 0.0, 1.0, 0.0, -0.04711892244729212, 0.0, 0.0, 1.0, 0.33209083328644434, 0.0, 0.0, 0.0, 1.0], 'Count': 2, 'Time': 1722307507.8179965}, 'Object 5': {'Probability': {'blu': 0.5, 'ylw': 0.0, 'grn': 0.5}, 'Pose': [1.0, 0.0, 0.0, -0.04036600127183132, 0.0, 1.0, 0.0, -0.05281972309851982, 0.0, 0.0, 1.0, 0.14689791936667695, 0.0, 0.0, 0.0, 1.0], 'Count': 2, 'Time': 1722307507.831364}, 'Object 6': {'Probability': {'blu': 0.5, 'ylw': 0.5, 'grn': 0.0}, 'Pose': [1.0, 0.0, 0.0, 0.0, 0.0, 1.0, 0.0, 0.0, 0.0, 0.0, 1.0, 0.0, 0.0, 0.0, 0.0, 1.0], 'Count': 2, 'Time': 1722307507.844458}, 'Object 7': {'Probability': {'blu': 1.0, 'ylw': 0.0, 'grn': 0.0}, 'Pose': [1.0, 0.0, 0.0, 0.0, 0.0, 1.0, 0.0, 0.0, 0.0, 0.0, 1.0, 0.0, 0.0, 0.0, 0.0, 1.0], 'Count': 1, 'Time': 1722307507.8574944}}, 'cam': [[0.4083325513585304, -0.7070333189007996, 0.5773806486756838, -0.4139502691496014], [-0.40822566974437074, -0.707180235583085, -0.57727629170304, -0.38804214288807015], [0.816465755597131, 1.9099026823515795e-05, -0.5773938600058313, 0.14044743923334194], [0.0, 0.0, 0.0, 1.0]]}
{'obs': {'Object 1': {'Probability': {'blu': 0.3333333333333333, 'ylw': 0.3333333333333333, 'grn': 0.3333333333333333}, 'Pose': [1.0, 0.0, 0.0, 0.0, 0.0, 1.0, 0.0, 0.0, 0.0, 0.0, 1.0, 0.0, 0.0, 0.0, 0.0, 1.0], 'Count': 6, 'Time': 1722307513.8899984}, 'Object 2': {'Probability': {'blu': 0.5, 'ylw': 0.0, 'grn': 0.5}, 'Pose': [1.0, 0.0, 0.0, 0.1601104463168664, 0.0, 1.0, 0.0, 0.030726531715787646, 0.0, 0.0, 1.0, 0.17980373852016854, 0.0, 0.0, 0.0, 1.0], 'Count': 2, 'Time': 1722307513.9032805}, 'Object 3': {'Probability': {'blu': 0.5, 'ylw': 0.0, 'grn': 0.5}, 'Pose': [1.0, 0.0, 0.0, 0.09412189036540076, 0.0, 1.0, 0.0, -0.015117142609464168, 0.0, 0.0, 1.0, 0.10199499800801277, 0.0, 0.0, 0.0, 1.0], 'Count': 2, 'Time': 1722307513.9167068}, 'Object 4': {'Probability': {'blu': 0.3333333333333333, 'ylw': 0.3333333333333333, 'grn': 0.3333333333333333}, 'Pose': [1.0, 0.0, 0.0, 0.0, 0.0, 1.0, 0.0, 0.0, 0.0, 0.0, 1.0, 0.0, 0.0, 0.0, 0.0, 1.0], 'Count': 3, 'Time': 1722307513.929661}, 'Object 5': {'Probability': {'blu': 1.0, 'ylw': 0.0, 'grn': 0.0}, 'Pose': [1.0, 0.0, 0.0, 0.0, 0.0, 1.0, 0.0, 0.0, 0.0, 0.0, 1.0, 0.0, 0.0, 0.0, 0.0, 1.0], 'Count': 1, 'Time': 1722307513.9427216}}, 'cam': [[0.40817696242762075, -0.7071390369011241, 0.5773611952962472, -0.4139624123940424], [-0.408286725351851, -0.707074521211698, -0.5773625995461691, -0.43801186120663166], [0.8165130233161151, -6.279967066529783e-05, -0.577327012022977, 0.140452353443663], [0.0, 0.0, 0.0, 1.0]]}
{'obs': {'Object 1': {'Probability': {'blu': 0.3333333333333333, 'ylw': 0.3333333333333333, 'grn': 0.3333333333333333}, 'Pose': [1.0, 0.0, 0.0, 0.0, 0.0, 1.0, 0.0, 0.0, 0.0, 0.0, 1.0, 0.0, 0.0, 0.0, 0.0, 1.0], 'Count': 6, 'Time': 1722307519.9704041}, 'Object 2': {'Probability': {'blu': 0.5, 'ylw': 0.0, 'grn': 0.5}, 'Pose': [1.0, 0.0, 0.0, 0.11656217574544242, 0.0, 1.0, 0.0, 0.018825909669679786, 0.0, 0.0, 1.0, 0.12154311895233776, 0.0, 0.0, 0.0, 1.0], 'Count': 2, 'Time': 1722307519.9861214}, 'Object 3': {'Probability': {'blu': 0.5, 'ylw': 0.0, 'grn': 0.5}, 'Pose': [1.0, 0.0, 0.0, 0.12574336781021503, 0.0, 1.0, 0.0, -0.01775468499723721, 0.0, 0.0, 1.0, 0.1275055565767818, 0.0, 0.0, 0.0, 1.0], 'Count': 2, 'Time': 1722307519.9998298}, 'Object 4': {'Probability': {'blu': 0.25, 'ylw': 0.5, 'grn': 0.25}, 'Pose': [1.0, 0.0, 0.0, 0.0, 0.0, 1.0, 0.0, 0.0, 0.0, 0.0, 1.0, 0.0, 0.0, 0.0, 0.0, 1.0], 'Count': 4, 'Time': 1722307520.0129642}, 'Object 5': {'Probability': {'blu': 0.5, 'ylw': 0.0, 'grn': 0.5}, 'Pose': [1.0, 0.0, 0.0, 0.0, 0.0, 1.0, 0.0, 0.0, 0.0, 0.0, 1.0, 0.0, 0.0, 0.0, 0.0, 1.0], 'Count': 2, 'Time': 1722307520.0263817}, 'Object 6': {'Probability': {'blu': 1.0, 'ylw': 0.0, 'grn': 0.0}, 'Pose': [1.0, 0.0, 0.0, 0.1838811469298993, 0.0, 1.0, 0.0, -0.1569823697861963, 0.0, 0.0, 1.0, 0.4820477999085818, 0.0, 0.0, 0.0, 1.0], 'Count': 1, 'Time': 1722307520.0415752}}, 'cam': [[0.4081859009817623, -0.7071231961834397, 0.5773742769287733, -0.41394450628494445], [-0.40826330143495576, -0.7070903639970811, -0.5773597611921931, -0.48803302422204786], [0.8165202673180488, -5.0614149710798175e-05, -0.5773167678987594, 0.14046634524852908], [0.0, 0.0, 0.0, 1.0]]}
{'obs': {'Object 1': {'Probability': {'blu': 0.3333333333333333, 'ylw': 0.3333333333333333, 'grn': 0.3333333333333333}, 'Pose': [1.0, 0.0, 0.0, 0.0, 0.0, 1.0, 0.0, 0.0, 0.0, 0.0, 1.0, 0.0, 0.0, 0.0, 0.0, 1.0], 'Count': 6, 'Time': 1722307526.0704787}, 'Object 2': {'Probability': {'blu': 0.5, 'ylw': 0.0, 'grn': 0.5}, 'Pose': [1.0, 0.0, 0.0, 0.12483723326087638, 0.0, 1.0, 0.0, 0.026938020336992757, 0.0, 0.0, 1.0, 0.1306349683576558, 0.0, 0.0, 0.0, 1.0], 'Count': 2, 'Time': 1722307526.0838258}, 'Object 3': {'Probability': {'blu': 1.0, 'ylw': 0.0, 'grn': 0.0}, 'Pose': [1.0, 0.0, 0.0, 0.0, 0.0, 1.0, 0.0, 0.0, 0.0, 0.0, 1.0, 0.0, 0.0, 0.0, 0.0, 1.0], 'Count': 1, 'Time': 1722307526.0970597}}, 'cam': [[0.4082479077312248, -0.7070803345860417, 0.5773829286312238, -0.4139511697406734], [-0.4083181880209074, -0.7071332214073776, -0.5772684509942908, -0.5380188545223336], [0.8164618197836323, -8.731389524201941e-05, -0.5773994191301923, 0.14042842892907842], [0.0, 0.0, 0.0, 1.0]]}
{'obs': {'Object 1': {'Probability': {'blu': 0.3333333333333333, 'ylw': 0.3333333333333333, 'grn': 0.3333333333333333}, 'Pose': [1.0, 0.0, 0.0, 0.0, 0.0, 1.0, 0.0, 0.0, 0.0, 0.0, 1.0, 0.0, 0.0, 0.0, 0.0, 1.0], 'Count': 6, 'Time': 1722307532.125156}, 'Object 2': {'Probability': {'blu': 0.5, 'ylw': 0.0, 'grn': 0.5}, 'Pose': [1.0, 0.0, 0.0, 0.16166895920360078, 0.0, 1.0, 0.0, 0.033395987689308085, 0.0, 0.0, 1.0, 0.1788748160249343, 0.0, 0.0, 0.0, 1.0], 'Count': 2, 'Time': 1722307532.1384623}, 'Object 3': {'Probability': {'blu': 0.3333333333333333, 'ylw': 0.3333333333333333, 'grn': 0.3333333333333333}, 'Pose': [1.0, 0.0, 0.0, 0.0, 0.0, 1.0, 0.0, 0.0, 0.0, 0.0, 1.0, 0.0, 0.0, 0.0, 0.0, 1.0], 'Count': 3, 'Time': 1722307532.151901}, 'Object 4': {'Probability': {'blu': 0.5, 'ylw': 0.0, 'grn': 0.5}, 'Pose': [1.0, 0.0, 0.0, 0.0, 0.0, 1.0, 0.0, 0.0, 0.0, 0.0, 1.0, 0.0, 0.0, 0.0, 0.0, 1.0], 'Count': 2, 'Time': 1722307532.1652002}, 'Object 5': {'Probability': {'blu': 0.5, 'ylw': 0.0, 'grn': 0.5}, 'Pose': [1.0, 0.0, 0.0, 0.0, 0.0, 1.0, 0.0, 0.0, 0.0, 0.0, 1.0, 0.0, 0.0, 0.0, 0.0, 1.0], 'Count': 2, 'Time': 1722307532.1795447}, 'Object 6': {'Probability': {'blu': 0.5, 'ylw': 0.0, 'grn': 0.5}, 'Pose': [1.0, 0.0, 0.0, 0.10129398085959619, 0.0, 1.0, 0.0, 0.04407005827562659, 0.0, 0.0, 1.0, 0.10604999785621962, 0.0, 0.0, 0.0, 1.0], 'Count': 2, 'Time': 1722307532.1938467}, 'Object 7': {'Probability': {'blu': 0.3333333333333333, 'ylw': 0.3333333333333333, 'grn': 0.3333333333333333}, 'Pose': [1.0, 0.0, 0.0, 0.0, 0.0, 1.0, 0.0, 0.0, 0.0, 0.0, 1.0, 0.0, 0.0, 0.0, 0.0, 1.0], 'Count': 3, 'Time': 1722307532.207016}, 'Object 8': {'Probability': {'blu': 0.3333333333333333, 'ylw': 0.3333333333333333, 'grn': 0.3333333333333333}, 'Pose': [1.0, 0.0, 0.0, 0.0, 0.0, 1.0, 0.0, 0.0, 0.0, 0.0, 1.0, 0.0, 0.0, 0.0, 0.0, 1.0], 'Count': 3, 'Time': 1722307532.2200766}, 'Object 9': {'Probability': {'blu': 0.5, 'ylw': 0.0, 'grn': 0.5}, 'Pose': [1.0, 0.0, 0.0, 0.14589753160141314, 0.0, 1.0, 0.0, 0.1443761165620711, 0.0, 0.0, 1.0, 0.4209517343023609, 0.0, 0.0, 0.0, 1.0], 'Count': 2, 'Time': 1722307532.2330892}, 'Object 10': {'Probability': {'blu': 0.5, 'ylw': 0.5, 'grn': 0.0}, 'Pose': [1.0, 0.0, 0.0, 0.0, 0.0, 1.0, 0.0, 0.0, 0.0, 0.0, 1.0, 0.0, 0.0, 0.0, 0.0, 1.0], 'Count': 2, 'Time': 1722307532.2462182}, 'Object 11': {'Probability': {'blu': 1.0, 'ylw': 0.0, 'grn': 0.0}, 'Pose': [1.0, 0.0, 0.0, 0.0, 0.0, 1.0, 0.0, 0.0, 0.0, 0.0, 1.0, 0.0, 0.0, 0.0, 0.0, 1.0], 'Count': 1, 'Time': 1722307532.2592556}}, 'cam': [[0.4082046939126394, -0.7071158759742742, 0.5773699557587173, -0.41397167740899743], [-0.40826206397361503, -0.7070976851169445, -0.5773516699744288, -0.5880473565368004], [0.81651149103224, -4.0588092546028944e-05, -0.5773291811132666, 0.1404459232279543], [0.0, 0.0, 0.0, 1.0]]}
{'obs': {'Object 1': {'Probability': {'blu': 0.5, 'ylw': 0.25, 'grn': 0.25}, 'Pose': [1.0, 0.0, 0.0, 0.03981961030877078, 0.0, 1.0, 0.0, 0.055762911371039496, 0.0, 0.0, 1.0, 0.3531381429731846, 0.0, 0.0, 0.0, 1.0], 'Count': 4, 'Time': 1722307540.3447926}, 'Object 2': {'Probability': {'blu': 0.16666666666666666, 'ylw': 0.16666666666666666, 'grn': 0.6666666666666666}, 'Pose': [1.0, 0.0, 0.0, 0.10041505918548099, 0.0, 1.0, 0.0, 0.14991271191578331, 0.0, 0.0, 1.0, 0.4101456156269766, 0.0, 0.0, 0.0, 1.0], 'Count': 6, 'Time': 1722307540.3617191}, 'Object 3': {'Probability': {'blu': 0.3333333333333333, 'ylw': 0.3333333333333333, 'grn': 0.3333333333333333}, 'Pose': [1.0, 0.0, 0.0, 0.0, 0.0, 1.0, 0.0, 0.0, 0.0, 0.0, 1.0, 0.0, 0.0, 0.0, 0.0, 1.0], 'Count': 6, 'Time': 1722307540.3750117}, 'Object 4': {'Probability': {'blu': 0.3333333333333333, 'ylw': 0.3333333333333333, 'grn': 0.3333333333333333}, 'Pose': [1.0, 0.0, 0.0, 0.0, 0.0, 1.0, 0.0, 0.0, 0.0, 0.0, 1.0, 0.0, 0.0, 0.0, 0.0, 1.0], 'Count': 3, 'Time': 1722307540.3886673}, 'Object 5': {'Probability': {'blu': 1.0, 'ylw': 0.0, 'grn': 0.0}, 'Pose': [1.0, 0.0, 0.0, 0.0, 0.0, 1.0, 0.0, 0.0, 0.0, 0.0, 1.0, 0.0, 0.0, 0.0, 0.0, 1.0], 'Count': 2, 'Time': 1722307540.4041688}, 'Object 6': {'Probability': {'blu': 0.3333333333333333, 'ylw': 0.3333333333333333, 'grn': 0.3333333333333333}, 'Pose': [1.0, 0.0, 0.0, 0.14324731431848134, 0.0, 1.0, 0.0, -0.1716466625118173, 0.0, 0.0, 1.0, 0.3388114342645447, 0.0, 0.0, 0.0, 1.0], 'Count': 3, 'Time': 1722307540.4202442}, 'Object 7': {'Probability': {'blu': 1.0, 'ylw': 0.0, 'grn': 0.0}, 'Pose': [1.0, 0.0, 0.0, 0.0, 0.0, 1.0, 0.0, 0.0, 0.0, 0.0, 1.0, 0.0, 0.0, 0.0, 0.0, 1.0], 'Count': 1, 'Time': 1722307540.4347086}}, 'cam': [[0.5144671324017948, -0.7071024556316059, 0.4851079126524605, -0.4420193881303046], [-0.5145010399149552, -0.7071111055009011, -0.4850593411158307, -0.05992857507778119], [0.6860118436329684, -4.1437262098806644e-05, -0.7275903714853909, 0.24651641307726935], [0.0, 0.0, 0.0, 1.0]]}
{'obs': {'Object 1': {'Probability': {'blu': 0.6, 'ylw': 0.2, 'grn': 0.2}, 'Pose': [1.0, 0.0, 0.0, 0.012861618460994319, 0.0, 1.0, 0.0, 0.0191258409780934, 0.0, 0.0, 1.0, 0.3272372744328549, 0.0, 0.0, 0.0, 1.0], 'Count': 5, 'Time': 1722307546.546906}, 'Object 2': {'Probability': {'blu': 0.2, 'ylw': 0.2, 'grn': 0.6}, 'Pose': [1.0, 0.0, 0.0, 0.07549096451674527, 0.0, 1.0, 0.0, 0.11477920339730187, 0.0, 0.0, 1.0, 0.38447749357046823, 0.0, 0.0, 0.0, 1.0], 'Count': 5, 'Time': 1722307546.5604064}, 'Object 3': {'Probability': {'blu': 0.6666666666666666, 'ylw': 0.0, 'grn': 0.3333333333333333}, 'Pose': [1.0, 0.0, 0.0, 0.0, 0.0, 1.0, 0.0, 0.0, 0.0, 0.0, 1.0, 0.0, 0.0, 0.0, 0.0, 1.0], 'Count': 3, 'Time': 1722307546.574443}, 'Object 4': {'Probability': {'blu': 0.3333333333333333, 'ylw': 0.3333333333333333, 'grn': 0.3333333333333333}, 'Pose': [1.0, 0.0, 0.0, 0.09088297871762242, 0.0, 1.0, 0.0, 0.0518902853408382, 0.0, 0.0, 1.0, 0.09422187553718686, 0.0, 0.0, 0.0, 1.0], 'Count': 3, 'Time': 1722307546.5883768}, 'Object 5': {'Probability': {'blu': 0.5, 'ylw': 0.0, 'grn': 0.5}, 'Pose': [1.0, 0.0, 0.0, 0.015338813411144583, 0.0, 1.0, 0.0, 0.02910045242615587, 0.0, 0.0, 1.0, 0.3198725443300126, 0.0, 0.0, 0.0, 1.0], 'Count': 2, 'Time': 1722307546.6017036}, 'Object 6': {'Probability': {'blu': 0.3333333333333333, 'ylw': 0.3333333333333333, 'grn': 0.3333333333333333}, 'Pose': [1.0, 0.0, 0.0, 0.09970336790340328, 0.0, 1.0, 0.0, 0.01651120026926782, 0.0, 0.0, 1.0, 0.10040000081062317, 0.0, 0.0, 0.0, 1.0], 'Count': 3, 'Time': 1722307546.614992}, 'Object 7': {'Probability': {'blu': 0.3333333333333333, 'ylw': 0.3333333333333333, 'grn': 0.3333333333333333}, 'Pose': [1.0, 0.0, 0.0, 0.0, 0.0, 1.0, 0.0, 0.0, 0.0, 0.0, 1.0, 0.0, 0.0, 0.0, 0.0, 1.0], 'Count': 3, 'Time': 1722307546.6281111}, 'Object 8': {'Probability': {'blu': 0.5, 'ylw': 0.0, 'grn': 0.5}, 'Pose': [1.0, 0.0, 0.0, 0.23721006800597963, 0.0, 1.0, 0.0, 0.10215594772064997, 0.0, 0.0, 1.0, 0.28100234048906714, 0.0, 0.0, 0.0, 1.0], 'Count': 2, 'Time': 1722307546.6414328}, 'Object 9': {'Probability': {'blu': 1.0, 'ylw': 0.0, 'grn': 0.0}, 'Pose': [1.0, 0.0, 0.0, 0.0, 0.0, 1.0, 0.0, 0.0, 0.0, 0.0, 1.0, 0.0, 0.0, 0.0, 0.0, 1.0], 'Count': 1, 'Time': 1722307546.6545904}}, 'cam': [[0.5144385427455354, -0.7071106746925682, 0.48512625106632923, -0.4419999040232613], [-0.5145051502245513, -0.7071028848692875, -0.48506696506971364, -0.10998045122085093], [0.6860302005963453, -6.281203829226794e-05, -0.727573061571404, 0.24651541745588174], [0.0, 0.0, 0.0, 1.0]]}
{'obs': {'Object 1': {'Probability': {'blu': 0.5, 'ylw': 0.16666666666666666, 'grn': 0.3333333333333333}, 'Pose': [1.0, 0.0, 0.0, -0.013396498911401449, 0.0, 1.0, 0.0, -0.016431073111680163, 0.0, 0.0, 1.0, 0.3028860278789874, 0.0, 0.0, 0.0, 1.0], 'Count': 6, 'Time': 1722307552.858666}, 'Object 2': {'Probability': {'blu': 0.5, 'ylw': 0.0, 'grn': 0.5}, 'Pose': [1.0, 0.0, 0.0, 0.0, 0.0, 1.0, 0.0, 0.0, 0.0, 0.0, 1.0, 0.0, 0.0, 0.0, 0.0, 1.0], 'Count': 2, 'Time': 1722307552.875449}, 'Object 3': {'Probability': {'blu': 0.2, 'ylw': 0.2, 'grn': 0.6}, 'Pose': [1.0, 0.0, 0.0, 0.05001696153323324, 0.0, 1.0, 0.0, 0.07981114804023874, 0.0, 0.0, 1.0, 0.36202004629032486, 0.0, 0.0, 0.0, 1.0], 'Count': 5, 'Time': 1722307552.8906047}, 'Object 4': {'Probability': {'blu': 0.3333333333333333, 'ylw': 0.3333333333333333, 'grn': 0.3333333333333333}, 'Pose': [1.0, 0.0, 0.0, 0.0, 0.0, 1.0, 0.0, 0.0, 0.0, 0.0, 1.0, 0.0, 0.0, 0.0, 0.0, 1.0], 'Count': 3, 'Time': 1722307552.9071653}, 'Object 5': {'Probability': {'blu': 1.0, 'ylw': 0.0, 'grn': 0.0}, 'Pose': [1.0, 0.0, 0.0, -0.01229398381877612, 0.0, 1.0, 0.0, -0.02773001729393649, 0.0, 0.0, 1.0, 0.30272996742141234, 0.0, 0.0, 0.0, 1.0], 'Count': 1, 'Time': 1722307552.92232}}, 'cam': [[0.5144265618014058, -0.7071300693438043, 0.48511068586768, -0.4420377453684802], [-0.5144672663283558, -0.7070834922273662, -0.48513541088667306, -0.15998739486946184], [0.6860675946215602, -7.0269944755927835e-06, -0.7275378035269426, 0.2465019774169065], [0.0, 0.0, 0.0, 1.0]]}
{'obs': {'Object 1': {'Probability': {'blu': 0.6, 'ylw': 0.2, 'grn': 0.2}, 'Pose': [1.0, 0.0, 0.0, -0.039636078110722554, 0.0, 1.0, 0.0, -0.0518950203944699, 0.0, 0.0, 1.0, 0.2784099201340325, 0.0, 0.0, 0.0, 1.0], 'Count': 5, 'Time': 1722307559.0404003}, 'Object 2': {'Probability': {'blu': 0.16666666666666666, 'ylw': 0.16666666666666666, 'grn': 0.6666666666666666}, 'Pose': [1.0, 0.0, 0.0, 0.023363997021003925, 0.0, 1.0, 0.0, 0.04463118210625899, 0.0, 0.0, 1.0, 0.33586450067821033, 0.0, 0.0, 0.0, 1.0], 'Count': 6, 'Time': 1722307559.0573318}, 'Object 3': {'Probability': {'blu': 0.6666666666666666, 'ylw': 0.0, 'grn': 0.3333333333333333}, 'Pose': [1.0, 0.0, 0.0, 0.0, 0.0, 1.0, 0.0, 0.0, 0.0, 0.0, 1.0, 0.0, 0.0, 0.0, 0.0, 1.0], 'Count': 3, 'Time': 1722307559.0739343}, 'Object 4': {'Probability': {'blu': 0.3333333333333333, 'ylw': 0.3333333333333333, 'grn': 0.3333333333333333}, 'Pose': [1.0, 0.0, 0.0, 0.0, 0.0, 1.0, 0.0, 0.0, 0.0, 0.0, 1.0, 0.0, 0.0, 0.0, 0.0, 1.0], 'Count': 3, 'Time': 1722307559.089886}, 'Object 5': {'Probability': {'blu': 0.5, 'ylw': 0.0, 'grn': 0.5}, 'Pose': [1.0, 0.0, 0.0, -0.04002719223967642, 0.0, 1.0, 0.0, -0.06733311117302548, 0.0, 0.0, 1.0, 0.28103491749001275, 0.0, 0.0, 0.0, 1.0], 'Count': 2, 'Time': 1722307559.1067019}, 'Object 6': {'Probability': {'blu': 0.5, 'ylw': 0.5, 'grn': 0.0}, 'Pose': [1.0, 0.0, 0.0, 0.0, 0.0, 1.0, 0.0, 0.0, 0.0, 0.0, 1.0, 0.0, 0.0, 0.0, 0.0, 1.0], 'Count': 2, 'Time': 1722307559.1216917}, 'Object 7': {'Probability': {'blu': 1.0, 'ylw': 0.0, 'grn': 0.0}, 'Pose': [1.0, 0.0, 0.0, 0.0, 0.0, 1.0, 0.0, 0.0, 0.0, 0.0, 1.0, 0.0, 0.0, 0.0, 0.0, 1.0], 'Count': 1, 'Time': 1722307559.1366239}}, 'cam': [[0.5145250991458826, -0.7070773343443733, 0.48508305021447096, -0.4420138397434286], [-0.514454521111322, -0.7071362262248758, -0.48507205987209845, -0.20999739898286068], [0.6860032565936106, 2.858140128374172e-05, -0.7275984683368047, 0.2465541821800331], [0.0, 0.0, 0.0, 1.0]]}
{'obs': {'Object 1': {'Probability': {'blu': 0.6, 'ylw': 0.2, 'grn': 0.2}, 'Pose': [1.0, 0.0, 0.0, -0.06507675096723015, 0.0, 1.0, 0.0, -0.08761030415881423, 0.0, 0.0, 1.0, 0.25330925676672705, 0.0, 0.0, 0.0, 1.0], 'Count': 5, 'Time': 1722307565.3217344}, 'Object 2': {'Probability': {'blu': 0.16666666666666666, 'ylw': 0.16666666666666666, 'grn': 0.6666666666666666}, 'Pose': [1.0, 0.0, 0.0, -0.0019306894909222304, 0.0, 1.0, 0.0, 0.008534283586571706, 0.0, 0.0, 1.0, 0.3120225032903004, 0.0, 0.0, 0.0, 1.0], 'Count': 6, 'Time': 1722307565.3350034}, 'Object 3': {'Probability': {'blu': 0.5, 'ylw': 0.0, 'grn': 0.5}, 'Pose': [1.0, 0.0, 0.0, 0.0, 0.0, 1.0, 0.0, 0.0, 0.0, 0.0, 1.0, 0.0, 0.0, 0.0, 0.0, 1.0], 'Count': 2, 'Time': 1722307565.34814}, 'Object 4': {'Probability': {'blu': 0.5, 'ylw': 0.25, 'grn': 0.25}, 'Pose': [1.0, 0.0, 0.0, 0.0, 0.0, 1.0, 0.0, 0.0, 0.0, 0.0, 1.0, 0.0, 0.0, 0.0, 0.0, 1.0], 'Count': 4, 'Time': 1722307565.361158}, 'Object 5': {'Probability': {'blu': 0.5, 'ylw': 0.5, 'grn': 0.0}, 'Pose': [1.0, 0.0, 0.0, 0.0, 0.0, 1.0, 0.0, 0.0, 0.0, 0.0, 1.0, 0.0, 0.0, 0.0, 0.0, 1.0], 'Count': 2, 'Time': 1722307565.3746681}, 'Object 6': {'Probability': {'blu': 1.0, 'ylw': 0.0, 'grn': 0.0}, 'Pose': [1.0, 0.0, 0.0, 0.0, 0.0, 1.0, 0.0, 0.0, 0.0, 0.0, 1.0, 0.0, 0.0, 0.0, 0.0, 1.0], 'Count': 1, 'Time': 1722307565.3883302}}, 'cam': [[0.5144308290588796, -0.7071135422823325, 0.48513025099938434, -0.4420020126236559], [-0.5145054714316636, -0.7071000168715552, -0.4850708051482048, -0.2599986714069004], [0.6860357439526567, -6.679205155023276e-05, -0.7275678343344671, 0.2465013159192091], [0.0, 0.0, 0.0, 1.0]]}
{'obs': {'Object 1': {'Probability': {'blu': 0.5, 'ylw': 0.125, 'grn': 0.375}, 'Pose': [1.0, 0.0, 0.0, -0.09036934866749118, 0.0, 1.0, 0.0, -0.11397145342021182, 0.0, 0.0, 1.0, 0.2312565271705325, 0.0, 0.0, 0.0, 1.0], 'Count': 8, 'Time': 1722307571.4347336}, 'Object 2': {'Probability': {'blu': 0.2, 'ylw': 0.2, 'grn': 0.6}, 'Pose': [1.0, 0.0, 0.0, -0.02823239058337629, 0.0, 1.0, 0.0, -0.026893469325814476, 0.0, 0.0, 1.0, 0.28719303412247, 0.0, 0.0, 0.0, 1.0], 'Count': 5, 'Time': 1722307571.4482117}, 'Object 3': {'Probability': {'blu': 0.3333333333333333, 'ylw': 0.3333333333333333, 'grn': 0.3333333333333333}, 'Pose': [1.0, 0.0, 0.0, 0.0, 0.0, 1.0, 0.0, 0.0, 0.0, 0.0, 1.0, 0.0, 0.0, 0.0, 0.0, 1.0], 'Count': 3, 'Time': 1722307571.4613702}, 'Object 4': {'Probability': {'blu': 1.0, 'ylw': 0.0, 'grn': 0.0}, 'Pose': [1.0, 0.0, 0.0, 0.0, 0.0, 1.0, 0.0, 0.0, 0.0, 0.0, 1.0, 0.0, 0.0, 0.0, 0.0, 1.0], 'Count': 1, 'Time': 1722307571.474539}}, 'cam': [[0.5145184391832093, -0.707056281308989, 0.4851208002157587, -0.44197835604616076], [-0.5145167233322206, -0.7071572735877952, -0.4849753930080901, -0.30999680208439656], [0.685961600347971, -7.398229453102515e-05, -0.7276377377340119, 0.24652956947327365], [0.0, 0.0, 0.0, 1.0]]}
{'obs': {'Object 1': {'Probability': {'blu': 0.3333333333333333, 'ylw': 0.1111111111111111, 'grn': 0.5555555555555556}, 'Pose': [1.0, 0.0, 0.0, -0.05505781208542443, 0.0, 1.0, 0.0, -0.06168419035184238, 0.0, 0.0, 1.0, 0.26389648379770037, 0.0, 0.0, 0.0, 1.0], 'Count': 9, 'Time': 1722307577.5761292}, 'Object 2': {'Probability': {'blu': 0.4, 'ylw': 0.4, 'grn': 0.2}, 'Pose': [1.0, 0.0, 0.0, 0.0, 0.0, 1.0, 0.0, 0.0, 0.0, 0.0, 1.0, 0.0, 0.0, 0.0, 0.0, 1.0], 'Count': 5, 'Time': 1722307577.5907433}, 'Object 3': {'Probability': {'blu': 0.5, 'ylw': 0.0, 'grn': 0.5}, 'Pose': [1.0, 0.0, 0.0, 0.0, 0.0, 1.0, 0.0, 0.0, 0.0, 0.0, 1.0, 0.0, 0.0, 0.0, 0.0, 1.0], 'Count': 2, 'Time': 1722307577.6075056}, 'Object 4': {'Probability': {'blu': 0.5, 'ylw': 0.5, 'grn': 0.0}, 'Pose': [1.0, 0.0, 0.0, 0.0, 0.0, 1.0, 0.0, 0.0, 0.0, 0.0, 1.0, 0.0, 0.0, 0.0, 0.0, 1.0], 'Count': 2, 'Time': 1722307577.6244936}, 'Object 5': {'Probability': {'blu': 1.0, 'ylw': 0.0, 'grn': 0.0}, 'Pose': [1.0, 0.0, 0.0, 0.0, 0.0, 1.0, 0.0, 0.0, 0.0, 0.0, 1.0, 0.0, 0.0, 0.0, 0.0, 1.0], 'Count': 2, 'Time': 1722307577.641438}, 'Object 6': {'Probability': {'blu': 1.0, 'ylw': 0.0, 'grn': 0.0}, 'Pose': [1.0, 0.0, 0.0, 0.0, 0.0, 1.0, 0.0, 0.0, 0.0, 0.0, 1.0, 0.0, 0.0, 0.0, 0.0, 1.0], 'Count': 1, 'Time': 1722307577.6581795}}, 'cam': [[0.5145521268121597, -0.7070503209911629, 0.485093756277461, -0.4419872438209989], [-0.5145128152284704, -0.7071632354944296, -0.4849708458564535, -0.35995660174422295], [0.6859392624414767, -4.417401473981489e-05, -0.7276587979883836, 0.24652398232073497], [0.0, 0.0, 0.0, 1.0]]}
{'obs': {'Object 1': {'Probability': {'blu': 0.42857142857142855, 'ylw': 0.14285714285714285, 'grn': 0.42857142857142855}, 'Pose': [1.0, 0.0, 0.0, -0.07979389392378146, 0.0, 1.0, 0.0, -0.09824023802270383, 0.0, 0.0, 1.0, 0.24090379075929264, 0.0, 0.0, 0.0, 1.0], 'Count': 7, 'Time': 1722307583.7216957}, 'Object 2': {'Probability': {'blu': 0.3333333333333333, 'ylw': 0.3333333333333333, 'grn': 0.3333333333333333}, 'Pose': [1.0, 0.0, 0.0, 0.0, 0.0, 1.0, 0.0, 0.0, 0.0, 0.0, 1.0, 0.0, 0.0, 0.0, 0.0, 1.0], 'Count': 3, 'Time': 1722307583.7353454}, 'Object 3': {'Probability': {'blu': 1.0, 'ylw': 0.0, 'grn': 0.0}, 'Pose': [1.0, 0.0, 0.0, 0.0, 0.0, 1.0, 0.0, 0.0, 0.0, 0.0, 1.0, 0.0, 0.0, 0.0, 0.0, 1.0], 'Count': 2, 'Time': 1722307583.7487285}, 'Object 4': {'Probability': {'blu': 0.5, 'ylw': 0.5, 'grn': 0.0}, 'Pose': [1.0, 0.0, 0.0, 0.0, 0.0, 1.0, 0.0, 0.0, 0.0, 0.0, 1.0, 0.0, 0.0, 0.0, 0.0, 1.0], 'Count': 2, 'Time': 1722307583.7620664}, 'Object 5': {'Probability': {'blu': 0.5, 'ylw': 0.5, 'grn': 0.0}, 'Pose': [1.0, 0.0, 0.0, 0.20062675095659838, 0.0, 1.0, 0.0, 0.10232235775684805, 0.0, 0.0, 1.0, 0.22390357387207804, 0.0, 0.0, 0.0, 1.0], 'Count': 2, 'Time': 1722307583.7769957}, 'Object 6': {'Probability': {'blu': 1.0, 'ylw': 0.0, 'grn': 0.0}, 'Pose': [1.0, 0.0, 0.0, 0.0, 0.0, 1.0, 0.0, 0.0, 0.0, 0.0, 1.0, 0.0, 0.0, 0.0, 0.0, 1.0], 'Count': 1, 'Time': 1722307583.790664}}, 'cam': [[0.5145333295911974, -0.7070759788104439, 0.48507629598759916, -0.4420180458106113], [-0.5144829372035248, -0.7071375821976282, -0.48503994389135274, -0.409984169207614], [0.685975772215193, 5.739787638944412e-06, -0.727624381051669, 0.24653717270384365], [0.0, 0.0, 0.0, 1.0]]}
{'obs': {'Object 1': {'Probability': {'blu': 0.3333333333333333, 'ylw': 0.3333333333333333, 'grn': 0.3333333333333333}, 'Pose': [1.0, 0.0, 0.0, 0.0, 0.0, 1.0, 0.0, 0.0, 0.0, 0.0, 1.0, 0.0, 0.0, 0.0, 0.0, 1.0], 'Count': 3, 'Time': 1722307589.843506}, 'Object 2': {'Probability': {'blu': 0.3333333333333333, 'ylw': 0.3333333333333333, 'grn': 0.3333333333333333}, 'Pose': [1.0, 0.0, 0.0, 0.0, 0.0, 1.0, 0.0, 0.0, 0.0, 0.0, 1.0, 0.0, 0.0, 0.0, 0.0, 1.0], 'Count': 3, 'Time': 1722307589.8567953}, 'Object 3': {'Probability': {'blu': 0.5, 'ylw': 0.5, 'grn': 0.0}, 'Pose': [1.0, 0.0, 0.0, 0.0, 0.0, 1.0, 0.0, 0.0, 0.0, 0.0, 1.0, 0.0, 0.0, 0.0, 0.0, 1.0], 'Count': 2, 'Time': 1722307589.8701608}, 'Object 4': {'Probability': {'blu': 1.0, 'ylw': 0.0, 'grn': 0.0}, 'Pose': [1.0, 0.0, 0.0, 0.0, 0.0, 1.0, 0.0, 0.0, 0.0, 0.0, 1.0, 0.0, 0.0, 0.0, 0.0, 1.0], 'Count': 1, 'Time': 1722307589.8834457}}, 'cam': [[0.5144474696865411, -0.7071005018643027, 0.48513161224183954, -0.4419997960222096], [-0.5145043669304825, -0.7071130571774802, -0.48505296698255634, -0.4599943987242502], [0.6860240938499017, -6.806150632647539e-05, -0.7275788191151887, 0.24650459443808753], [0.0, 0.0, 0.0, 1.0]]}
{'obs': {'Object 1': {'Probability': {'blu': 0.4, 'ylw': 0.2, 'grn': 0.4}, 'Pose': [1.0, 0.0, 0.0, 0.0, 0.0, 1.0, 0.0, 0.0, 0.0, 0.0, 1.0, 0.0, 0.0, 0.0, 0.0, 1.0], 'Count': 5, 'Time': 1722307596.0699067}, 'Object 2': {'Probability': {'blu': 1.0, 'ylw': 0.0, 'grn': 0.0}, 'Pose': [1.0, 0.0, 0.0, 0.0, 0.0, 1.0, 0.0, 0.0, 0.0, 0.0, 1.0, 0.0, 0.0, 0.0, 0.0, 1.0], 'Count': 1, 'Time': 1722307596.0865693}}, 'cam': [[0.5144932972199936, -0.7071001029670765, 0.48508359228039155, -0.44203368533970744], [-0.5144744780696325, -0.7071134592807189, -0.48508408252491075, -0.5099870323282469], [0.6860121416787597, 9.381088579909674e-06, -0.7275900915909427, 0.24650960891810855], [0.0, 0.0, 0.0, 1.0]]}
{'obs': {'Object 1': {'Probability': {'blu': 0.25, 'ylw': 0.25, 'grn': 0.5}, 'Pose': [1.0, 0.0, 0.0, 0.0, 0.0, 1.0, 0.0, 0.0, 0.0, 0.0, 1.0, 0.0, 0.0, 0.0, 0.0, 1.0], 'Count': 4, 'Time': 1722307602.1888485}, 'Object 2': {'Probability': {'blu': 0.6666666666666666, 'ylw': 0.0, 'grn': 0.3333333333333333}, 'Pose': [1.0, 0.0, 0.0, 0.0, 0.0, 1.0, 0.0, 0.0, 0.0, 0.0, 1.0, 0.0, 0.0, 0.0, 0.0, 1.0], 'Count': 3, 'Time': 1722307602.2021804}, 'Object 3': {'Probability': {'blu': 0.3333333333333333, 'ylw': 0.3333333333333333, 'grn': 0.3333333333333333}, 'Pose': [1.0, 0.0, 0.0, 0.0, 0.0, 1.0, 0.0, 0.0, 0.0, 0.0, 1.0, 0.0, 0.0, 0.0, 0.0, 1.0], 'Count': 6, 'Time': 1722307602.215457}, 'Object 4': {'Probability': {'blu': 1.0, 'ylw': 0.0, 'grn': 0.0}, 'Pose': [1.0, 0.0, 0.0, 0.0, 0.0, 1.0, 0.0, 0.0, 0.0, 0.0, 1.0, 0.0, 0.0, 0.0, 0.0, 1.0], 'Count': 1, 'Time': 1722307602.2288787}}, 'cam': [[0.5144954080678547, -0.7071108204975747, 0.4850657301978139, -0.44202401488059145], [-0.5144737672508958, -0.7071027412835061, -0.4851004597812928, -0.5599638962960353], [0.6860110916652605, 2.8365429904044963e-05, -0.7275910811078156, 0.2465347629553486], [0.0, 0.0, 0.0, 1.0]]}
{'obs': {'Object 1': {'Probability': {'blu': 0.3333333333333333, 'ylw': 0.3333333333333333, 'grn': 0.3333333333333333}, 'Pose': [1.0, 0.0, 0.0, 0.04312520635889246, 0.0, 1.0, 0.0, 0.05552164763825669, 0.0, 0.0, 1.0, 0.4492732583669913, 0.0, 0.0, 0.0, 1.0], 'Count': 3, 'Time': 1722307610.2719183}, 'Object 2': {'Probability': {'blu': 0.5, 'ylw': 0.25, 'grn': 0.25}, 'Pose': [1.0, 0.0, 0.0, 0.0, 0.0, 1.0, 0.0, 0.0, 0.0, 0.0, 1.0, 0.0, 0.0, 0.0, 0.0, 1.0], 'Count': 4, 'Time': 1722307610.2872763}, 'Object 3': {'Probability': {'blu': 0.25, 'ylw': 0.25, 'grn': 0.5}, 'Pose': [1.0, 0.0, 0.0, 0.1541036746148709, 0.0, 1.0, 0.0, -0.18622440254431638, 0.0, 0.0, 1.0, 0.40212753932244527, 0.0, 0.0, 0.0, 1.0], 'Count': 4, 'Time': 1722307610.3028727}, 'Object 4': {'Probability': {'blu': 0.4, 'ylw': 0.0, 'grn': 0.6}, 'Pose': [1.0, 0.0, 0.0, 0.18830490687079915, 0.0, 1.0, 0.0, -0.07251096289041419, 0.0, 0.0, 1.0, 0.2197621615909489, 0.0, 0.0, 0.0, 1.0], 'Count': 5, 'Time': 1722307610.3200357}, 'Object 5': {'Probability': {'blu': 0.3333333333333333, 'ylw': 0.3333333333333333, 'grn': 0.3333333333333333}, 'Pose': [1.0, 0.0, 0.0, 0.10773994059503578, 0.0, 1.0, 0.0, 0.1482286437690627, 0.0, 0.0, 1.0, 0.4863113739867482, 0.0, 0.0, 0.0, 1.0], 'Count': 3, 'Time': 1722307610.3370547}, 'Object 6': {'Probability': {'blu': 1.0, 'ylw': 0.0, 'grn': 0.0}, 'Pose': [1.0, 0.0, 0.0, 0.0, 0.0, 1.0, 0.0, 0.0, 0.0, 0.0, 1.0, 0.0, 0.0, 0.0, 0.0, 1.0], 'Count': 1, 'Time': 1722307610.3537855}}, 'cam': [[0.5773552138365189, -0.7071402337687381, 0.4081833495394954, -0.45813136021789747], [-0.5773488924401297, -0.7070733230806804, -0.4083081828543233, -0.04386257700352146], [0.5773467012583887, 7.465345392836737e-05, -0.8164991004115795, 0.35679524749207947], [0.0, 0.0, 0.0, 1.0]]}
