[['ylw', [[1.0, 0.0, 0.0, -0.286], [0.0, 1.0, 0.0, -0.291], [0.0, 0.0, 1.0, 0.0125], [0.0, 0.0, 0.0, 1.0]]], ['blu', [[1.0, 0.0, 0.0, -0.297], [0.0, 1.0, 0.0, -0.413], [0.0, 0.0, 1.0, 0.0125], [0.0, 0.0, 0.0, 1.0]]], ['NOT', [[1.0, 0.0, 0.0, -0.304], [0.0, 1.0, 0.0, -0.537], [0.0, 0.0, 1.0, 0.0125], [0.0, 0.0, 0.0, 1.0]]]]
{'obs': {'Object 1': {'Probability': {'blu': 0.5, 'ylw': 0.16666666666666666, 'grn': 0.3333333333333333}, 'Pose': [1.0, 0.0, 0.0, 0.0835396357732492, 0.0, 1.0, 0.0, 0.1504160732404488, 0.0, 0.0, 1.0, 0.32927272729403434, 0.0, 0.0, 0.0, 1.0], 'Count': 6, 'Time': 1722307223.540724}, 'Object 2': {'Probability': {'blu': 0.2, 'ylw': 0.6, 'grn': 0.2}, 'Pose': [1.0, 0.0, 0.0, 0.03444019386285047, 0.0, 1.0, 0.0, 0.055652860824959106, 0.0, 0.0, 1.0, 0.25617706602250845, 0.0, 0.0, 0.0, 1.0], 'Count': 5, 'Time': 1722307223.5563455}, 'Object 3': {'Probability': {'blu': 0.4, 'ylw': 0.2, 'grn': 0.4}, 'Pose': [1.0, 0.0, 0.0, 0.0, 0.0, 1.0, 0.0, 0.0, 0.0, 0.0, 1.0, 0.0, 0.0, 0.0, 0.0, 1.0], 'Count': 5, 'Time': 1722307223.573646}, 'Object 4': {'Probability': {'blu': 0.5, 'ylw': 0.0, 'grn': 0.5}, 'Pose': [1.0, 0.0, 0.0, 0.19603102324604355, 0.0, 1.0, 0.0, 0.05130821638803816, 0.0, 0.0, 1.0, 0.2244907968743825, 0.0, 0.0, 0.0, 1.0], 'Count': 2, 'Time': 1722307223.590586}, 'Object 5': {'Probability': {'blu': 0.3333333333333333, 'ylw': 0.3333333333333333, 'grn': 0.3333333333333333}, 'Pose': [1.0, 0.0, 0.0, 0.0, 0.0, 1.0, 0.0, 0.0, 0.0, 0.0, 1.0, 0.0, 0.0, 0.0, 0.0, 1.0], 'Count': 3, 'Time': 1722307223.6072493}, 'Object 6': {'Probability': {'blu': 1.0, 'ylw': 0.0, 'grn': 0.0}, 'Pose': [1.0, 0.0, 0.0, -0.01716001426979528, 0.0, 1.0, 0.0, -0.09786725943956108, 0.0, 0.0, 1.0, 0.20513935508506817, 0.0, 0.0, 0.0, 1.0], 'Count': 1, 'Time': 1722307223.622575}}, 'cam': [[0.4082748947923481, -0.7071732388582618, 0.5772500502598619, -0.4139624787697958], [-0.40832853665680197, -0.707040316984885, -0.577374918323985, -0.08798528381768132], [0.8164431495419703, 2.0015726790895107e-05, -0.5774258248167973, 0.14048761433159832], [0.0, 0.0, 0.0, 1.0]]}
{'obs': {'Object 1': {'Probability': {'blu': 0.5, 'ylw': 0.25, 'grn': 0.25}, 'Pose': [1.0, 0.0, 0.0, 0.06492725620673491, 0.0, 1.0, 0.0, 0.1164651438493269, 0.0, 0.0, 1.0, 0.30000192345847565, 0.0, 0.0, 0.0, 1.0], 'Count': 4, 'Time': 1722307229.7505543}, 'Object 2': {'Probability': {'blu': 0.2, 'ylw': 0.6, 'grn': 0.2}, 'Pose': [1.0, 0.0, 0.0, 0.012716337122773445, 0.0, 1.0, 0.0, 0.019089581695097564, 0.0, 0.0, 1.0, 0.2265581654654597, 0.0, 0.0, 0.0, 1.0], 'Count': 5, 'Time': 1722307229.7683017}, 'Object 3': {'Probability': {'blu': 0.5, 'ylw': 0.0, 'grn': 0.5}, 'Pose': [1.0, 0.0, 0.0, 0.2038683636387168, 0.0, 1.0, 0.0, 0.048108375415208286, 0.0, 0.0, 1.0, 0.2373168337593476, 0.0, 0.0, 0.0, 1.0], 'Count': 2, 'Time': 1722307229.7855575}, 'Object 4': {'Probability': {'blu': 0.4, 'ylw': 0.2, 'grn': 0.4}, 'Pose': [1.0, 0.0, 0.0, 0.0, 0.0, 1.0, 0.0, 0.0, 0.0, 0.0, 1.0, 0.0, 0.0, 0.0, 0.0, 1.0], 'Count': 5, 'Time': 1722307229.7996407}, 'Object 5': {'Probability': {'blu': 0.3333333333333333, 'ylw': 0.3333333333333333, 'grn': 0.3333333333333333}, 'Pose': [1.0, 0.0, 0.0, 0.0, 0.0, 1.0, 0.0, 0.0, 0.0, 0.0, 1.0, 0.0, 0.0, 0.0, 0.0, 1.0], 'Count': 3, 'Time': 1722307229.8158243}, 'Object 6': {'Probability': {'blu': 0.5, 'ylw': 0.0, 'grn': 0.5}, 'Pose': [1.0, 0.0, 0.0, 0.09573904628899671, 0.0, 1.0, 0.0, -0.01186961677079506, 0.0, 0.0, 1.0, 0.1042499989271164, 0.0, 0.0, 0.0, 1.0], 'Count': 2, 'Time': 1722307229.8321633}, 'Object 7': {'Probability': {'blu': 1.0, 'ylw': 0.0, 'grn': 0.0}, 'Pose': [1.0, 0.0, 0.0, 0.06137446157342538, 0.0, 1.0, 0.0, 0.12359115020136242, 0.0, 0.0, 1.0, 0.2896213405180511, 0.0, 0.0, 0.0, 1.0], 'Count': 1, 'Time': 1722307229.8485034}}, 'cam': [[0.4082155765242142, -0.7071006084542528, 0.5773809596848763, -0.41395295939959514], [-0.40819034175166996, -0.7071129536910824, -0.5773836814657374, -0.13804721127342176], [0.8165419082837442, 1.568115053258153e-05, -0.5772861610765003, 0.14047379190493708], [0.0, 0.0, 0.0, 1.0]]}
{'obs': {'Object 1': {'Probability': {'blu': 0.5, 'ylw': 0.16666666666666666, 'grn': 0.3333333333333333}, 'Pose': [1.0, 0.0, 0.0, 0.04066681750185103, 0.0, 1.0, 0.0, 0.08035100335622983, 0.0, 0.0, 1.0, 0.26509972898064915, 0.0, 0.0, 0.0, 1.0], 'Count': 6, 'Time': 1722307235.888649}, 'Object 2': {'Probability': {'blu': 0.2, 'ylw': 0.6, 'grn': 0.2}, 'Pose': [1.0, 0.0, 0.0, -0.008258376837303925, 0.0, 1.0, 0.0, -0.016376180590533466, 0.0, 0.0, 1.0, 0.19666184433827213, 0.0, 0.0, 0.0, 1.0], 'Count': 5, 'Time': 1722307235.9021063}, 'Object 3': {'Probability': {'blu': 0.5, 'ylw': 0.0, 'grn': 0.5}, 'Pose': [1.0, 0.0, 0.0, 0.20031690234253266, 0.0, 1.0, 0.0, 0.04564167704495346, 0.0, 0.0, 1.0, 0.2294600864373126, 0.0, 0.0, 0.0, 1.0], 'Count': 2, 'Time': 1722307235.9154947}, 'Object 4': {'Probability': {'blu': 0.4, 'ylw': 0.2, 'grn': 0.4}, 'Pose': [1.0, 0.0, 0.0, 0.0, 0.0, 1.0, 0.0, 0.0, 0.0, 0.0, 1.0, 0.0, 0.0, 0.0, 0.0, 1.0], 'Count': 5, 'Time': 1722307235.9286807}, 'Object 5': {'Probability': {'blu': 0.3333333333333333, 'ylw': 0.3333333333333333, 'grn': 0.3333333333333333}, 'Pose': [1.0, 0.0, 0.0, 0.0, 0.0, 1.0, 0.0, 0.0, 0.0, 0.0, 1.0, 0.0, 0.0, 0.0, 0.0, 1.0], 'Count': 3, 'Time': 1722307235.9419024}, 'Object 6': {'Probability': {'blu': 0.5, 'ylw': 0.0, 'grn': 0.5}, 'Pose': [1.0, 0.0, 0.0, 0.20672150905856107, 0.0, 1.0, 0.0, -0.018942274163502422, 0.0, 0.0, 1.0, 0.2124614943803727, 0.0, 0.0, 0.0, 1.0], 'Count': 2, 'Time': 1722307235.9563737}, 'Object 7': {'Probability': {'blu': 0.3333333333333333, 'ylw': 0.16666666666666666, 'grn': 0.5}, 'Pose': [1.0, 0.0, 0.0, 0.0, 0.0, 1.0, 0.0, 0.0, 0.0, 0.0, 1.0, 0.0, 0.0, 0.0, 0.0, 1.0], 'Count': 6, 'Time': 1722307235.9702606}, 'Object 8': {'Probability': {'blu': 1.0, 'ylw': 0.0, 'grn': 0.0}, 'Pose': [1.0, 0.0, 0.0, 0.17363319152338874, 0.0, 1.0, 0.0, 0.10064952875474337, 0.0, 0.0, 1.0, 0.1997277780815407, 0.0, 0.0, 0.0, 1.0], 'Count': 1, 'Time': 1722307235.983591}}, 'cam': [[0.4082529363794094, -0.7070749102880474, 0.57738601574574, -0.4139683926542697], [-0.40822924862942717, -0.7071386505574475, -0.5773247001915357, -0.18804502394115977], [0.8165037786201875, -1.1355279465269411e-05, -0.5773400898690595, 0.14043871231289515], [0.0, 0.0, 0.0, 1.0]]}
{'obs': {'Object 1': {'Probability': {'blu': 0.6, 'ylw': 0.2, 'grn': 0.2}, 'Pose': [1.0, 0.0, 0.0, 0.021285553571865002, 0.0, 1.0, 0.0, 0.04517536560637142, 0.0, 0.0, 1.0, 0.23912992802704966, 0.0, 0.0, 0.0, 1.0], 'Count': 5, 'Time': 1722307242.0383577}, 'Object 2': {'Probability': {'blu': 0.25, 'ylw': 0.5, 'grn': 0.25}, 'Pose': [1.0, 0.0, 0.0, -0.028512916390733518, 0.0, 1.0, 0.0, -0.05277711077099093, 0.0, 0.0, 1.0, 0.1690004190187806, 0.0, 0.0, 0.0, 1.0], 'Count': 4, 'Time': 1722307242.054202}, 'Object 3': {'Probability': {'blu': 0.5, 'ylw': 0.0, 'grn': 0.5}, 'Pose': [1.0, 0.0, 0.0, 0.19313735485678102, 0.0, 1.0, 0.0, 0.05452160225284367, 0.0, 0.0, 1.0, 0.21927310872909633, 0.0, 0.0, 0.0, 1.0], 'Count': 2, 'Time': 1722307242.071335}, 'Object 4': {'Probability': {'blu': 0.5, 'ylw': 0.25, 'grn': 0.25}, 'Pose': [1.0, 0.0, 0.0, 0.0, 0.0, 1.0, 0.0, 0.0, 0.0, 0.0, 1.0, 0.0, 0.0, 0.0, 0.0, 1.0], 'Count': 4, 'Time': 1722307242.0881882}, 'Object 5': {'Probability': {'blu': 0.5, 'ylw': 0.0, 'grn': 0.5}, 'Pose': [1.0, 0.0, 0.0, 0.0, 0.0, 1.0, 0.0, 0.0, 0.0, 0.0, 1.0, 0.0, 0.0, 0.0, 0.0, 1.0], 'Count': 2, 'Time': 1722307242.104839}, 'Object 6': {'Probability': {'blu': 0.5, 'ylw': 0.25, 'grn': 0.25}, 'Pose': [1.0, 0.0, 0.0, 0.34210904917694324, 0.0, 1.0, 0.0, -0.005157187358377569, 0.0, 0.0, 1.0, 0.44740888277689617, 0.0, 0.0, 0.0, 1.0], 'Count': 4, 'Time': 1722307242.121819}, 'Object 7': {'Probability': {'blu': 1.0, 'ylw': 0.0, 'grn': 0.0}, 'Pose': [1.0, 0.0, 0.0, 0.0, 0.0, 1.0, 0.0, 0.0, 0.0, 0.0, 1.0, 0.0, 0.0, 0.0, 0.0, 1.0], 'Count': 1, 'Time': 1722307242.1387293}}, 'cam': [[0.40841147800491323, -0.7070757919769408, 0.577272802957167, -0.4139915675478135], [-0.40826024023483726, -0.7071377619680728, -0.5773038730531588, -0.23804258765314748], [0.8164089911785848, 9.999483527040606e-05, -0.5774741112152111, 0.1404994841676961], [0.0, 0.0, 0.0, 1.0]]}
{'obs': {'Object 1': {'Probability': {'blu': 0.5, 'ylw': 0.125, 'grn': 0.375}, 'Pose': [1.0, 0.0, 0.0, 0.001438766855170966, 0.0, 1.0, 0.0, 0.008351445131499631, 0.0, 0.0, 1.0, 0.2102151990754751, 0.0, 0.0, 0.0, 1.0], 'Count': 8, 'Time': 1722307248.1691167}, 'Object 2': {'Probability': {'blu': 0.5, 'ylw': 0.0, 'grn': 0.5}, 'Pose': [1.0, 0.0, 0.0, 0.14277373295553264, 0.0, 1.0, 0.0, 0.02801044995818345, 0.0, 0.0, 1.0, 0.155388942722661, 0.0, 0.0, 0.0, 1.0], 'Count': 2, 'Time': 1722307248.1825843}, 'Object 3': {'Probability': {'blu': 0.3333333333333333, 'ylw': 0.3333333333333333, 'grn': 0.3333333333333333}, 'Pose': [1.0, 0.0, 0.0, -0.049789648105899344, 0.0, 1.0, 0.0, -0.07793520753303927, 0.0, 0.0, 1.0, 0.1528136382592933, 0.0, 0.0, 0.0, 1.0], 'Count': 3, 'Time': 1722307248.1964793}, 'Object 4': {'Probability': {'blu': 0.3333333333333333, 'ylw': 0.3333333333333333, 'grn': 0.3333333333333333}, 'Pose': [1.0, 0.0, 0.0, 0.0, 0.0, 1.0, 0.0, 0.0, 0.0, 0.0, 1.0, 0.0, 0.0, 0.0, 0.0, 1.0], 'Count': 6, 'Time': 1722307248.2097216}, 'Object 5': {'Probability': {'blu': 0.5, 'ylw': 0.0, 'grn': 0.5}, 'Pose': [1.0, 0.0, 0.0, 0.09464055750167398, 0.0, 1.0, 0.0, -0.013526318774433903, 0.0, 0.0, 1.0, 0.1028454527258873, 0.0, 0.0, 0.0, 1.0], 'Count': 2, 'Time': 1722307248.2231097}, 'Object 6': {'Probability': {'blu': 0.3333333333333333, 'ylw': 0.3333333333333333, 'grn': 0.3333333333333333}, 'Pose': [1.0, 0.0, 0.0, 0.0, 0.0, 1.0, 0.0, 0.0, 0.0, 0.0, 1.0, 0.0, 0.0, 0.0, 0.0, 1.0], 'Count': 3, 'Time': 1722307248.236402}, 'Object 7': {'Probability': {'blu': 1.0, 'ylw': 0.0, 'grn': 0.0}, 'Pose': [1.0, 0.0, 0.0, 0.0, 0.0, 1.0, 0.0, 0.0, 0.0, 0.0, 1.0, 0.0, 0.0, 0.0, 0.0, 1.0], 'Count': 1, 'Time': 1722307248.249614}}, 'cam': [[0.40815116447705097, -0.7070947997728558, 0.5774336074997819, -0.4139225115316322], [-0.40823965788093014, -0.70711875684546, -0.5773417059684777, -0.2880608974743374], [0.8165494526783347, -8.860878246113594e-05, -0.5772754831786949, 0.140473506733927], [0.0, 0.0, 0.0, 1.0]]}
{'obs': {'Object 1': {'Probability': {'blu': 0.5, 'ylw': 0.25, 'grn': 0.25}, 'Pose': [1.0, 0.0, 0.0, -0.018999008788437282, 0.0, 1.0, 0.0, -0.02924889311114953, 0.0, 0.0, 1.0, 0.18151795642493126, 0.0, 0.0, 0.0, 1.0], 'Count': 4, 'Time': 1722307254.2598584}, 'Object 2': {'Probability': {'blu': 0.5, 'ylw': 0.0, 'grn': 0.5}, 'Pose': [1.0, 0.0, 0.0, -0.018459387086204183, 0.0, 1.0, 0.0, -0.019514180670408582, 0.0, 0.0, 1.0, 0.1732691676318975, 0.0, 0.0, 0.0, 1.0], 'Count': 2, 'Time': 1722307254.2731843}, 'Object 3': {'Probability': {'blu': 0.5, 'ylw': 0.0, 'grn': 0.5}, 'Pose': [1.0, 0.0, 0.0, 0.14989958396981234, 0.0, 1.0, 0.0, 0.03159619798535298, 0.0, 0.0, 1.0, 0.16815125171051598, 0.0, 0.0, 0.0, 1.0], 'Count': 2, 'Time': 1722307254.2866833}, 'Object 4': {'Probability': {'blu': 0.5, 'ylw': 0.0, 'grn': 0.5}, 'Pose': [1.0, 0.0, 0.0, 0.0, 0.0, 1.0, 0.0, 0.0, 0.0, 0.0, 1.0, 0.0, 0.0, 0.0, 0.0, 1.0], 'Count': 2, 'Time': 1722307254.299918}, 'Object 5': {'Probability': {'blu': 0.6666666666666666, 'ylw': 0.0, 'grn': 0.3333333333333333}, 'Pose': [1.0, 0.0, 0.0, -0.00988792068522459, 0.0, 1.0, 0.0, -0.026398687501892795, 0.0, 0.0, 1.0, 0.17835985259576279, 0.0, 0.0, 0.0, 1.0], 'Count': 3, 'Time': 1722307254.3133695}, 'Object 6': {'Probability': {'blu': 0.3333333333333333, 'ylw': 0.3333333333333333, 'grn': 0.3333333333333333}, 'Pose': [1.0, 0.0, 0.0, 0.0, 0.0, 1.0, 0.0, 0.0, 0.0, 0.0, 1.0, 0.0, 0.0, 0.0, 0.0, 1.0], 'Count': 6, 'Time': 1722307254.3264356}, 'Object 7': {'Probability': {'blu': 1.0, 'ylw': 0.0, 'grn': 0.0}, 'Pose': [1.0, 0.0, 0.0, 0.0, 0.0, 1.0, 0.0, 0.0, 0.0, 0.0, 1.0, 0.0, 0.0, 0.0, 0.0, 1.0], 'Count': 1, 'Time': 1722307254.3396895}}, 'cam': [[0.4083380168264466, -0.7070951357766309, 0.5773010765408919, -0.41394769098294704], [-0.4082286002694449, -0.7071184215197318, -0.5773499353680513, -0.3380370954318412], [0.8164615569249385, 8.311721273524527e-05, -0.5773997914402413, 0.14049049599165575], [0.0, 0.0, 0.0, 1.0]]}
{'obs': {'Object 1': {'Probability': {'blu': 0.5, 'ylw': 0.25, 'grn': 0.25}, 'Pose': [1.0, 0.0, 0.0, -0.039085523510268866, 0.0, 1.0, 0.0, -0.06498780843291369, 0.0, 0.0, 1.0, 0.15419829661776574, 0.0, 0.0, 0.0, 1.0], 'Count': 4, 'Time': 1722307260.354542}, 'Object 2': {'Probability': {'blu': 0.5, 'ylw': 0.0, 'grn': 0.5}, 'Pose': [1.0, 0.0, 0.0, -0.04003368714399024, 0.0, 1.0, 0.0, -0.051853531358113214, 0.0, 0.0, 1.0, 0.150081648827098, 0.0, 0.0, 0.0, 1.0], 'Count': 2, 'Time': 1722307260.3694441}, 'Object 3': {'Probability': {'blu': 0.5, 'ylw': 0.0, 'grn': 0.5}, 'Pose': [1.0, 0.0, 0.0, 0.18928042703531428, 0.0, 1.0, 0.0, 0.04107134170963724, 0.0, 0.0, 1.0, 0.21784325346004133, 0.0, 0.0, 0.0, 1.0], 'Count': 2, 'Time': 1722307260.3830428}, 'Object 4': {'Probability': {'blu': 0.4, 'ylw': 0.4, 'grn': 0.2}, 'Pose': [1.0, 0.0, 0.0, 0.0, 0.0, 1.0, 0.0, 0.0, 0.0, 0.0, 1.0, 0.0, 0.0, 0.0, 0.0, 1.0], 'Count': 5, 'Time': 1722307260.3962584}, 'Object 5': {'Probability': {'blu': 1.0, 'ylw': 0.0, 'grn': 0.0}, 'Pose': [1.0, 0.0, 0.0, -0.041336201205943106, 0.0, 1.0, 0.0, -0.056129705838601704, 0.0, 0.0, 1.0, 0.14386484887678214, 0.0, 0.0, 0.0, 1.0], 'Count': 1, 'Time': 1722307260.4096305}}, 'cam': [[0.40836877462986537, -0.7070050959498728, 0.5773895896257685, -0.4139335715046701], [-0.4081624356247899, -0.7072084476089062, -0.5772864434363933, -0.3880471158006535], [0.8164792526770912, 7.701631050144871e-05, -0.5773747691199769, 0.1404498993312257], [0.0, 0.0, 0.0, 1.0]]}
{'obs': {'Object 1': {'Probability': {'blu': 0.5, 'ylw': 0.0, 'grn': 0.5}, 'Pose': [1.0, 0.0, 0.0, 0.13707094439626138, 0.0, 1.0, 0.0, 0.030002442692567945, 0.0, 0.0, 1.0, 0.1484246534994945, 0.0, 0.0, 0.0, 1.0], 'Count': 2, 'Time': 1722307266.4140563}, 'Object 2': {'Probability': {'blu': 0.4, 'ylw': 0.2, 'grn': 0.4}, 'Pose': [1.0, 0.0, 0.0, 0.0, 0.0, 1.0, 0.0, 0.0, 0.0, 0.0, 1.0, 0.0, 0.0, 0.0, 0.0, 1.0], 'Count': 5, 'Time': 1722307266.4271362}, 'Object 3': {'Probability': {'blu': 0.5, 'ylw': 0.0, 'grn': 0.5}, 'Pose': [1.0, 0.0, 0.0, 0.09371113521138852, 0.0, 1.0, 0.0, -0.014793767602209764, 0.0, 0.0, 1.0, 0.10154999792575836, 0.0, 0.0, 0.0, 1.0], 'Count': 2, 'Time': 1722307266.4405122}, 'Object 4': {'Probability': {'blu': 0.6, 'ylw': 0.0, 'grn': 0.4}, 'Pose': [1.0, 0.0, 0.0, 0.1925066104763239, 0.0, 1.0, 0.0, 0.11104107066569271, 0.0, 0.0, 1.0, 0.2234363637187264, 0.0, 0.0, 0.0, 1.0], 'Count': 5, 'Time': 1722307266.4540148}, 'Object 5': {'Probability': {'blu': 0.3333333333333333, 'ylw': 0.3333333333333333, 'grn': 0.3333333333333333}, 'Pose': [1.0, 0.0, 0.0, 0.0, 0.0, 1.0, 0.0, 0.0, 0.0, 0.0, 1.0, 0.0, 0.0, 0.0, 0.0, 1.0], 'Count': 6, 'Time': 1722307266.4672298}, 'Object 6': {'Probability': {'blu': 1.0, 'ylw': 0.0, 'grn': 0.0}, 'Pose': [1.0, 0.0, 0.0, 0.0, 0.0, 1.0, 0.0, 0.0, 0.0, 0.0, 1.0, 0.0, 0.0, 0.0, 0.0, 1.0], 'Count': 1, 'Time': 1722307266.4803936}}, 'cam': [[0.4082049556258991, -0.707141125834617, 0.5773388453549684, -0.413975659040176], [-0.4082481353524506, -0.7070724348636721, -0.5773924417908545, -0.43801341158657614], [0.816518324462902, -3.051002737392043e-06, -0.5773195179508368, 0.14046423560192237], [0.0, 0.0, 0.0, 1.0]]}
{'obs': {'Object 1': {'Probability': {'blu': 0.5, 'ylw': 0.0, 'grn': 0.5}, 'Pose': [1.0, 0.0, 0.0, 0.1755475742080761, 0.0, 1.0, 0.0, 0.03620196215514115, 0.0, 0.0, 1.0, 0.19813484233846232, 0.0, 0.0, 0.0, 1.0], 'Count': 2, 'Time': 1722307272.4900115}, 'Object 2': {'Probability': {'blu': 0.3333333333333333, 'ylw': 0.3333333333333333, 'grn': 0.3333333333333333}, 'Pose': [1.0, 0.0, 0.0, 0.0, 0.0, 1.0, 0.0, 0.0, 0.0, 0.0, 1.0, 0.0, 0.0, 0.0, 0.0, 1.0], 'Count': 6, 'Time': 1722307272.5032794}, 'Object 3': {'Probability': {'blu': 0.5, 'ylw': 0.0, 'grn': 0.5}, 'Pose': [1.0, 0.0, 0.0, 0.1317336309587653, 0.0, 1.0, 0.0, -0.017875334723932775, 0.0, 0.0, 1.0, 0.1482900023460388, 0.0, 0.0, 0.0, 1.0], 'Count': 2, 'Time': 1722307272.5168965}, 'Object 4': {'Probability': {'blu': 0.3333333333333333, 'ylw': 0.0, 'grn': 0.6666666666666666}, 'Pose': [1.0, 0.0, 0.0, 0.0, 0.0, 1.0, 0.0, 0.0, 0.0, 0.0, 1.0, 0.0, 0.0, 0.0, 0.0, 1.0], 'Count': 3, 'Time': 1722307272.5303006}, 'Object 5': {'Probability': {'blu': 0.25, 'ylw': 0.5, 'grn': 0.25}, 'Pose': [1.0, 0.0, 0.0, 0.337362166184002, 0.0, 1.0, 0.0, -0.017532510475313227, 0.0, 0.0, 1.0, 0.44143112931611406, 0.0, 0.0, 0.0, 1.0], 'Count': 4, 'Time': 1722307272.543593}, 'Object 6': {'Probability': {'blu': 1.0, 'ylw': 0.0, 'grn': 0.0}, 'Pose': [1.0, 0.0, 0.0, 0.0, 0.0, 1.0, 0.0, 0.0, 0.0, 0.0, 1.0, 0.0, 0.0, 0.0, 0.0, 1.0], 'Count': 1, 'Time': 1722307272.5572174}}, 'cam': [[0.408175792195252, -0.7071244947598532, 0.5773798330184392, -0.41393849181835174], [-0.40822675434412764, -0.7070890666758705, -0.5773871914279931, -0.48804471062093957], [0.8165435932658083, -2.642099235910526e-05, -0.5772837773560706, 0.14048384127101288], [0.0, 0.0, 0.0, 1.0]]}
{'obs': {'Object 1': {'Probability': {'blu': 0.3333333333333333, 'ylw': 0.3333333333333333, 'grn': 0.3333333333333333}, 'Pose': [1.0, 0.0, 0.0, 0.0, 0.0, 1.0, 0.0, 0.0, 0.0, 0.0, 1.0, 0.0, 0.0, 0.0, 0.0, 1.0], 'Count': 6, 'Time': 1722307278.590011}, 'Object 2': {'Probability': {'blu': 0.5, 'ylw': 0.0, 'grn': 0.5}, 'Pose': [1.0, 0.0, 0.0, 0.1632734699105467, 0.0, 1.0, 0.0, 0.03432596721452195, 0.0, 0.0, 1.0, 0.18091336373359926, 0.0, 0.0, 0.0, 1.0], 'Count': 2, 'Time': 1722307278.603304}, 'Object 3': {'Probability': {'blu': 0.3333333333333333, 'ylw': 0.3333333333333333, 'grn': 0.3333333333333333}, 'Pose': [1.0, 0.0, 0.0, 0.0, 0.0, 1.0, 0.0, 0.0, 0.0, 0.0, 1.0, 0.0, 0.0, 0.0, 0.0, 1.0], 'Count': 3, 'Time': 1722307278.6166706}, 'Object 4': {'Probability': {'blu': 0.5, 'ylw': 0.0, 'grn': 0.5}, 'Pose': [1.0, 0.0, 0.0, 0.10568654568651063, 0.0, 1.0, 0.0, 0.042621742520885395, 0.0, 0.0, 1.0, 0.10838638675150447, 0.0, 0.0, 0.0, 1.0], 'Count': 2, 'Time': 1722307278.6302474}, 'Object 5': {'Probability': {'blu': 0.25, 'ylw': 0.5, 'grn': 0.25}, 'Pose': [1.0, 0.0, 0.0, 0.0, 0.0, 1.0, 0.0, 0.0, 0.0, 0.0, 1.0, 0.0, 0.0, 0.0, 0.0, 1.0], 'Count': 4, 'Time': 1722307278.6434815}, 'Object 6': {'Probability': {'blu': 1.0, 'ylw': 0.0, 'grn': 0.0}, 'Pose': [1.0, 0.0, 0.0, 0.0, 0.0, 1.0, 0.0, 0.0, 0.0, 0.0, 1.0, 0.0, 0.0, 0.0, 0.0, 1.0], 'Count': 1, 'Time': 1722307278.6566832}}, 'cam': [[0.4082276764680119, -0.7070860762941162, 0.5773902015764723, -0.41394230493709583], [-0.4082627942965145, -0.7071274836252088, -0.5773146565739363, -0.5380515892152594], [0.816499635614573, -5.111625093200959e-05, -0.5773459469229854, 0.14045948351581322], [0.0, 0.0, 0.0, 1.0]]}
{'obs': {'Object 1': {'Probability': {'blu': 0.3333333333333333, 'ylw': 0.3333333333333333, 'grn': 0.3333333333333333}, 'Pose': [1.0, 0.0, 0.0, 0.0, 0.0, 1.0, 0.0, 0.0, 0.0, 0.0, 1.0, 0.0, 0.0, 0.0, 0.0, 1.0], 'Count': 6, 'Time': 1722307284.674717}, 'Object 2': {'Probability': {'blu': 0.5, 'ylw': 0.0, 'grn': 0.5}, 'Pose': [1.0, 0.0, 0.0, 0.17513161794452953, 0.0, 1.0, 0.0, 0.03480679465616319, 0.0, 0.0, 1.0, 0.19741413726888854, 0.0, 0.0, 0.0, 1.0], 'Count': 2, 'Time': 1722307284.6882231}, 'Object 3': {'Probability': {'blu': 0.3333333333333333, 'ylw': 0.3333333333333333, 'grn': 0.3333333333333333}, 'Pose': [1.0, 0.0, 0.0, 0.0, 0.0, 1.0, 0.0, 0.0, 0.0, 0.0, 1.0, 0.0, 0.0, 0.0, 0.0, 1.0], 'Count': 3, 'Time': 1722307284.701359}, 'Object 4': {'Probability': {'blu': 0.3333333333333333, 'ylw': 0.3333333333333333, 'grn': 0.3333333333333333}, 'Pose': [1.0, 0.0, 0.0, 0.09089922011011893, 0.0, 1.0, 0.0, 0.03214827969143496, 0.0, 0.0, 1.0, 0.092228846767774, 0.0, 0.0, 0.0, 1.0], 'Count': 3, 'Time': 1722307284.7148428}, 'Object 5': {'Probability': {'blu': 0.5, 'ylw': 0.0, 'grn': 0.5}, 'Pose': [1.0, 0.0, 0.0, 0.21246076408873557, 0.0, 1.0, 0.0, -0.06093053878533656, 0.0, 0.0, 1.0, 0.22997627091609826, 0.0, 0.0, 0.0, 1.0], 'Count': 2, 'Time': 1722307284.7281454}, 'Object 6': {'Probability': {'blu': 0.3333333333333333, 'ylw': 0.3333333333333333, 'grn': 0.3333333333333333}, 'Pose': [1.0, 0.0, 0.0, 0.0, 0.0, 1.0, 0.0, 0.0, 0.0, 0.0, 1.0, 0.0, 0.0, 0.0, 0.0, 1.0], 'Count': 3, 'Time': 1722307284.7412117}, 'Object 7': {'Probability': {'blu': 0.3333333333333333, 'ylw': 0.3333333333333333, 'grn': 0.3333333333333333}, 'Pose': [1.0, 0.0, 0.0, 0.0, 0.0, 1.0, 0.0, 0.0, 0.0, 0.0, 1.0, 0.0, 0.0, 0.0, 0.0, 1.0], 'Count': 3, 'Time': 1722307284.7565877}, 'Object 8': {'Probability': {'blu': 1.0, 'ylw': 0.0, 'grn': 0.0}, 'Pose': [1.0, 0.0, 0.0, 0.0, 0.0, 1.0, 0.0, 0.0, 0.0, 0.0, 1.0, 0.0, 0.0, 0.0, 0.0, 1.0], 'Count': 1, 'Time': 1722307284.7701023}}, 'cam': [[0.4082836338052031, -0.707073423886531, 0.5773661295921304, -0.41395464403500143], [-0.40820711574088114, -0.7071401361471938, -0.5773385302474097, -0.5880632325587654], [0.8164994948102111, 3.291057788835091e-05, -0.5773461473774324, 0.14045409658042887], [0.0, 0.0, 0.0, 1.0]]}
{'obs': {'Object 1': {'Probability': {'blu': 0.3333333333333333, 'ylw': 0.3333333333333333, 'grn': 0.3333333333333333}, 'Pose': [1.0, 0.0, 0.0, 0.10180528567996629, 0.0, 1.0, 0.0, 0.15004067008948432, 0.0, 0.0, 1.0, 0.4133746373404143, 0.0, 0.0, 0.0, 1.0], 'Count': 3, 'Time': 1722307292.8583112}, 'Object 2': {'Probability': {'blu': 0.2, 'ylw': 0.6, 'grn': 0.2}, 'Pose': [1.0, 0.0, 0.0, 0.039690987041015445, 0.0, 1.0, 0.0, 0.056067173670823166, 0.0, 0.0, 1.0, 0.3522104877175803, 0.0, 0.0, 0.0, 1.0], 'Count': 5, 'Time': 1722307292.8718777}, 'Object 3': {'Probability': {'blu': 0.3333333333333333, 'ylw': 0.3333333333333333, 'grn': 0.3333333333333333}, 'Pose': [1.0, 0.0, 0.0, 0.0, 0.0, 1.0, 0.0, 0.0, 0.0, 0.0, 1.0, 0.0, 0.0, 0.0, 0.0, 1.0], 'Count': 6, 'Time': 1722307292.8850513}, 'Object 4': {'Probability': {'blu': 0.3333333333333333, 'ylw': 0.3333333333333333, 'grn': 0.3333333333333333}, 'Pose': [1.0, 0.0, 0.0, 0.0, 0.0, 1.0, 0.0, 0.0, 0.0, 0.0, 1.0, 0.0, 0.0, 0.0, 0.0, 1.0], 'Count': 3, 'Time': 1722307292.8984787}, 'Object 5': {'Probability': {'blu': 0.3333333333333333, 'ylw': 0.3333333333333333, 'grn': 0.3333333333333333}, 'Pose': [1.0, 0.0, 0.0, 0.14322132698550696, 0.0, 1.0, 0.0, -0.1715719491271738, 0.0, 0.0, 1.0, 0.33782279753125083, 0.0, 0.0, 0.0, 1.0], 'Count': 3, 'Time': 1722307292.9119954}, 'Object 6': {'Probability': {'blu': 1.0, 'ylw': 0.0, 'grn': 0.0}, 'Pose': [1.0, 0.0, 0.0, 0.0, 0.0, 1.0, 0.0, 0.0, 0.0, 0.0, 1.0, 0.0, 0.0, 0.0, 0.0, 1.0], 'Count': 2, 'Time': 1722307292.9251323}, 'Object 7': {'Probability': {'blu': 1.0, 'ylw': 0.0, 'grn': 0.0}, 'Pose': [1.0, 0.0, 0.0, 0.0, 0.0, 1.0, 0.0, 0.0, 0.0, 0.0, 1.0, 0.0, 0.0, 0.0, 0.0, 1.0], 'Count': 1, 'Time': 1722307292.938193}}, 'cam': [[0.5145126471103323, -0.7070650859398184, 0.48511411050229825, -0.4420190582980711], [-0.5144803873306449, -0.7071484733683053, -0.4850267700498443, -0.059941720448271466], [0.6859931974995293, -2.9288093064003635e-05, -0.7276079522150507, 0.2465007450949353], [0.0, 0.0, 0.0, 1.0]]}
{'obs': {'Object 1': {'Probability': {'blu': 0.5, 'ylw': 0.25, 'grn': 0.25}, 'Pose': [1.0, 0.0, 0.0, 0.07585519823259126, 0.0, 1.0, 0.0, 0.11425683041916236, 0.0, 0.0, 1.0, 0.3846518694109422, 0.0, 0.0, 0.0, 1.0], 'Count': 4, 'Time': 1722307298.9442334}, 'Object 2': {'Probability': {'blu': 0.2, 'ylw': 0.6, 'grn': 0.2}, 'Pose': [1.0, 0.0, 0.0, 0.013938405276201086, 0.0, 1.0, 0.0, 0.01981396164524007, 0.0, 0.0, 1.0, 0.328128466011589, 0.0, 0.0, 0.0, 1.0], 'Count': 5, 'Time': 1722307298.9586704}, 'Object 3': {'Probability': {'blu': 0.6666666666666666, 'ylw': 0.0, 'grn': 0.3333333333333333}, 'Pose': [1.0, 0.0, 0.0, 0.0, 0.0, 1.0, 0.0, 0.0, 0.0, 0.0, 1.0, 0.0, 0.0, 0.0, 0.0, 1.0], 'Count': 3, 'Time': 1722307298.9719536}, 'Object 4': {'Probability': {'blu': 0.3333333333333333, 'ylw': 0.3333333333333333, 'grn': 0.3333333333333333}, 'Pose': [1.0, 0.0, 0.0, 0.0, 0.0, 1.0, 0.0, 0.0, 0.0, 0.0, 1.0, 0.0, 0.0, 0.0, 0.0, 1.0], 'Count': 6, 'Time': 1722307298.9854312}, 'Object 5': {'Probability': {'blu': 0.5, 'ylw': 0.0, 'grn': 0.5}, 'Pose': [1.0, 0.0, 0.0, 0.07396683742394387, 0.0, 1.0, 0.0, 0.12386806979342894, 0.0, 0.0, 1.0, 0.3773468881493201, 0.0, 0.0, 0.0, 1.0], 'Count': 2, 'Time': 1722307298.9987984}, 'Object 6': {'Probability': {'blu': 0.3333333333333333, 'ylw': 0.3333333333333333, 'grn': 0.3333333333333333}, 'Pose': [1.0, 0.0, 0.0, 0.3071987277316083, 0.0, 1.0, 0.0, 0.16767856400160122, 0.0, 0.0, 1.0, 0.35897500813007355, 0.0, 0.0, 0.0, 1.0], 'Count': 3, 'Time': 1722307299.0121675}, 'Object 7': {'Probability': {'blu': 1.0, 'ylw': 0.0, 'grn': 0.0}, 'Pose': [1.0, 0.0, 0.0, 0.0, 0.0, 1.0, 0.0, 0.0, 0.0, 0.0, 1.0, 0.0, 0.0, 0.0, 0.0, 1.0], 'Count': 1, 'Time': 1722307299.0252614}}, 'cam': [[0.5145056331717626, -0.707055099668124, 0.4851361040654706, -0.4419983352579651], [-0.5144184297418521, -0.7071584588196849, -0.48507792493752533, -0.10999540105357164], [0.6860449202322331, 1.2372043187033513e-05, -0.7275591847200348, 0.2465268051814016], [0.0, 0.0, 0.0, 1.0]]}
{'obs': {'Object 1': {'Probability': {'blu': 0.6, 'ylw': 0.2, 'grn': 0.2}, 'Pose': [1.0, 0.0, 0.0, 0.04993317241721219, 0.0, 1.0, 0.0, 0.0794945770124538, 0.0, 0.0, 1.0, 0.36254845298778393, 0.0, 0.0, 0.0, 1.0], 'Count': 5, 'Time': 1722307305.0586185}, 'Object 2': {'Probability': {'blu': 0.2, 'ylw': 0.6, 'grn': 0.2}, 'Pose': [1.0, 0.0, 0.0, -0.013328499194882847, 0.0, 1.0, 0.0, -0.016499242520287092, 0.0, 0.0, 1.0, 0.30303541006337814, 0.0, 0.0, 0.0, 1.0], 'Count': 5, 'Time': 1722307305.0724587}, 'Object 3': {'Probability': {'blu': 0.3333333333333333, 'ylw': 0.3333333333333333, 'grn': 0.3333333333333333}, 'Pose': [1.0, 0.0, 0.0, 0.0, 0.0, 1.0, 0.0, 0.0, 0.0, 0.0, 1.0, 0.0, 0.0, 0.0, 0.0, 1.0], 'Count': 3, 'Time': 1722307305.0857751}, 'Object 4': {'Probability': {'blu': 0.3333333333333333, 'ylw': 0.3333333333333333, 'grn': 0.3333333333333333}, 'Pose': [1.0, 0.0, 0.0, 0.0, 0.0, 1.0, 0.0, 0.0, 0.0, 0.0, 1.0, 0.0, 0.0, 0.0, 0.0, 1.0], 'Count': 3, 'Time': 1722307305.0990016}, 'Object 5': {'Probability': {'blu': 0.3333333333333333, 'ylw': 0.3333333333333333, 'grn': 0.3333333333333333}, 'Pose': [1.0, 0.0, 0.0, 0.09110446614039436, 0.0, 1.0, 0.0, 0.045722723450038805, 0.0, 0.0, 1.0, 0.09291666746139526, 0.0, 0.0, 0.0, 1.0], 'Count': 3, 'Time': 1722307305.1122336}, 'Object 6': {'Probability': {'blu': 0.5, 'ylw': 0.0, 'grn': 0.5}, 'Pose': [1.0, 0.0, 0.0, 0.0, 0.0, 1.0, 0.0, 0.0, 0.0, 0.0, 1.0, 0.0, 0.0, 0.0, 0.0, 1.0], 'Count': 2, 'Time': 1722307305.1253138}, 'Object 7': {'Probability': {'blu': 0.5, 'ylw': 0.0, 'grn': 0.5}, 'Pose': [1.0, 0.0, 0.0, 0.0, 0.0, 1.0, 0.0, 0.0, 0.0, 0.0, 1.0, 0.0, 0.0, 0.0, 0.0, 1.0], 'Count': 2, 'Time': 1722307305.1384645}, 'Object 8': {'Probability': {'blu': 0.3333333333333333, 'ylw': 0.3333333333333333, 'grn': 0.3333333333333333}, 'Pose': [1.0, 0.0, 0.0, 0.0, 0.0, 1.0, 0.0, 0.0, 0.0, 0.0, 1.0, 0.0, 0.0, 0.0, 0.0, 1.0], 'Count': 3, 'Time': 1722307305.1522276}, 'Object 9': {'Probability': {'blu': 1.0, 'ylw': 0.0, 'grn': 0.0}, 'Pose': [1.0, 0.0, 0.0, 0.0, 0.0, 1.0, 0.0, 0.0, 0.0, 0.0, 1.0, 0.0, 0.0, 0.0, 0.0, 1.0], 'Count': 1, 'Time': 1722307305.1663454}}, 'cam': [[0.5145515630225559, -0.7070985041943412, 0.48502411729435696, -0.44202163619826573], [-0.5144490978812096, -0.7071150519387, -0.4851086775259124, -0.16000412168170366], [0.685987474142389, 9.320866405128322e-05, -0.727613342807765, 0.24654202238279588], [0.0, 0.0, 0.0, 1.0]]}
{'obs': {'Object 1': {'Probability': {'blu': 0.5, 'ylw': 0.25, 'grn': 0.25}, 'Pose': [1.0, 0.0, 0.0, 0.022954539368314434, 0.0, 1.0, 0.0, 0.04328705478530453, 0.0, 0.0, 1.0, 0.33556990120389046, 0.0, 0.0, 0.0, 1.0], 'Count': 4, 'Time': 1722307311.1735153}, 'Object 2': {'Probability': {'blu': 0.25, 'ylw': 0.5, 'grn': 0.25}, 'Pose': [1.0, 0.0, 0.0, -0.03949052460633586, 0.0, 1.0, 0.0, -0.05251704081482176, 0.0, 0.0, 1.0, 0.2786623785342182, 0.0, 0.0, 0.0, 1.0], 'Count': 4, 'Time': 1722307311.1875093}, 'Object 3': {'Probability': {'blu': 0.5, 'ylw': 0.0, 'grn': 0.5}, 'Pose': [1.0, 0.0, 0.0, 0.0, 0.0, 1.0, 0.0, 0.0, 0.0, 0.0, 1.0, 0.0, 0.0, 0.0, 0.0, 1.0], 'Count': 4, 'Time': 1722307311.20076}, 'Object 4': {'Probability': {'blu': 0.3333333333333333, 'ylw': 0.3333333333333333, 'grn': 0.3333333333333333}, 'Pose': [1.0, 0.0, 0.0, 0.11031998339936495, 0.0, 1.0, 0.0, 0.018029591168582014, 0.0, 0.0, 1.0, 0.11083999872207642, 0.0, 0.0, 0.0, 1.0], 'Count': 3, 'Time': 1722307311.2141893}, 'Object 5': {'Probability': {'blu': 0.3333333333333333, 'ylw': 0.3333333333333333, 'grn': 0.3333333333333333}, 'Pose': [1.0, 0.0, 0.0, 0.2855592923116363, 0.0, 1.0, 0.0, 0.15652043274646837, 0.0, 0.0, 1.0, 0.33884444480968845, 0.0, 0.0, 0.0, 1.0], 'Count': 3, 'Time': 1722307311.2275825}, 'Object 6': {'Probability': {'blu': 1.0, 'ylw': 0.0, 'grn': 0.0}, 'Pose': [1.0, 0.0, 0.0, 0.0, 0.0, 1.0, 0.0, 0.0, 0.0, 0.0, 1.0, 0.0, 0.0, 0.0, 0.0, 1.0], 'Count': 1, 'Time': 1722307311.240714}}, 'cam': [[0.5144056838968504, -0.7071581360447826, 0.48509191190977646, -0.44202771000717417], [-0.5145481301185599, -0.7070554191537451, -0.4850905647781814, -0.20996882033635364], [0.6860226047049083, -6.97924821830707e-05, -0.7275802230427257, 0.24652814359383113], [0.0, 0.0, 0.0, 1.0]]}
{'obs': {'Object 1': {'Probability': {'blu': 0.5, 'ylw': 0.16666666666666666, 'grn': 0.3333333333333333}, 'Pose': [1.0, 0.0, 0.0, -0.003269177247093584, 0.0, 1.0, 0.0, 0.007597848985197151, 0.0, 0.0, 1.0, 0.31324611614344694, 0.0, 0.0, 0.0, 1.0], 'Count': 6, 'Time': 1722307317.2475357}, 'Object 2': {'Probability': {'blu': 0.2, 'ylw': 0.6, 'grn': 0.2}, 'Pose': [1.0, 0.0, 0.0, -0.06539204025054368, 0.0, 1.0, 0.0, -0.0882199792456545, 0.0, 0.0, 1.0, 0.25350295564409503, 0.0, 0.0, 0.0, 1.0], 'Count': 5, 'Time': 1722307317.2609878}, 'Object 3': {'Probability': {'blu': 0.6666666666666666, 'ylw': 0.0, 'grn': 0.3333333333333333}, 'Pose': [1.0, 0.0, 0.0, 0.0, 0.0, 1.0, 0.0, 0.0, 0.0, 0.0, 1.0, 0.0, 0.0, 0.0, 0.0, 1.0], 'Count': 3, 'Time': 1722307317.274262}, 'Object 4': {'Probability': {'blu': 0.5, 'ylw': 0.25, 'grn': 0.25}, 'Pose': [1.0, 0.0, 0.0, 0.0, 0.0, 1.0, 0.0, 0.0, 0.0, 0.0, 1.0, 0.0, 0.0, 0.0, 0.0, 1.0], 'Count': 4, 'Time': 1722307317.287705}, 'Object 5': {'Probability': {'blu': 1.0, 'ylw': 0.0, 'grn': 0.0}, 'Pose': [1.0, 0.0, 0.0, 0.3803587060194741, 0.0, 1.0, 0.0, 0.19877975920692356, 0.0, 0.0, 1.0, 0.4326126982295324, 0.0, 0.0, 0.0, 1.0], 'Count': 1, 'Time': 1722307317.3009672}}, 'cam': [[0.5144287832600221, -0.7070989810219726, 0.4851536436957897, -0.4419983475434548], [-0.5144925091843267, -0.7071145770314868, -0.4850633287961449, -0.26000391212741647], [0.6860469990801131, -7.737744830878284e-05, -0.7275572204754082, 0.24649586292916575], [0.0, 0.0, 0.0, 1.0]]}
{'obs': {'Object 1': {'Probability': {'blu': 0.5, 'ylw': 0.25, 'grn': 0.25}, 'Pose': [1.0, 0.0, 0.0, -0.028270099127452823, 0.0, 1.0, 0.0, -0.028014515066757437, 0.0, 0.0, 1.0, 0.28658659003601555, 0.0, 0.0, 0.0, 1.0], 'Count': 4, 'Time': 1722307323.3360827}, 'Object 2': {'Probability': {'blu': 0.2, 'ylw': 0.4, 'grn': 0.4}, 'Pose': [1.0, 0.0, 0.0, -0.09085481248460395, 0.0, 1.0, 0.0, -0.1145120317012949, 0.0, 0.0, 1.0, 0.22942058181786162, 0.0, 0.0, 0.0, 1.0], 'Count': 5, 'Time': 1722307323.349692}, 'Object 3': {'Probability': {'blu': 0.5, 'ylw': 0.25, 'grn': 0.25}, 'Pose': [1.0, 0.0, 0.0, 0.0, 0.0, 1.0, 0.0, 0.0, 0.0, 0.0, 1.0, 0.0, 0.0, 0.0, 0.0, 1.0], 'Count': 4, 'Time': 1722307323.363399}, 'Object 4': {'Probability': {'blu': 1.0, 'ylw': 0.0, 'grn': 0.0}, 'Pose': [1.0, 0.0, 0.0, 0.0, 0.0, 1.0, 0.0, 0.0, 0.0, 0.0, 1.0, 0.0, 0.0, 0.0, 0.0, 1.0], 'Count': 1, 'Time': 1722307323.3784668}}, 'cam': [[0.5144590612908327, -0.7070675322106429, 0.4851673723049672, -0.4419683697604771], [-0.5144689816940963, -0.7071460246091993, -0.4850424380959314, -0.31001721718843267], [0.6860419383174726, -6.908659188721616e-05, -0.7275619933013598, 0.24650865500926405], [0.0, 0.0, 0.0, 1.0]]}
{'obs': {'Object 1': {'Probability': {'blu': 0.5, 'ylw': 0.16666666666666666, 'grn': 0.3333333333333333}, 'Pose': [1.0, 0.0, 0.0, -0.054568517436668344, 0.0, 1.0, 0.0, -0.06342584447961101, 0.0, 0.0, 1.0, 0.26378509154745666, 0.0, 0.0, 0.0, 1.0], 'Count': 6, 'Time': 1722307329.4018786}, 'Object 2': {'Probability': {'blu': 0.5, 'ylw': 0.0, 'grn': 0.5}, 'Pose': [1.0, 0.0, 0.0, -0.053837829348630094, 0.0, 1.0, 0.0, -0.07401078959433455, 0.0, 0.0, 1.0, 0.26125519932346664, 0.0, 0.0, 0.0, 1.0], 'Count': 2, 'Time': 1722307329.4171925}, 'Object 3': {'Probability': {'blu': 0.4, 'ylw': 0.4, 'grn': 0.2}, 'Pose': [1.0, 0.0, 0.0, 0.13878108711500356, 0.0, 1.0, 0.0, 0.02418090911215265, 0.0, 0.0, 1.0, 0.14759117605931618, 0.0, 0.0, 0.0, 1.0], 'Count': 5, 'Time': 1722307329.4340494}, 'Object 4': {'Probability': {'blu': 0.5, 'ylw': 0.0, 'grn': 0.5}, 'Pose': [1.0, 0.0, 0.0, -0.05177522138214386, 0.0, 1.0, 0.0, -0.05508791992656706, 0.0, 0.0, 1.0, 0.2589890299250885, 0.0, 0.0, 0.0, 1.0], 'Count': 2, 'Time': 1722307329.4510653}, 'Object 5': {'Probability': {'blu': 1.0, 'ylw': 0.0, 'grn': 0.0}, 'Pose': [1.0, 0.0, 0.0, 0.0, 0.0, 1.0, 0.0, 0.0, 0.0, 0.0, 1.0, 0.0, 0.0, 0.0, 0.0, 1.0], 'Count': 1, 'Time': 1722307329.4660754}}, 'cam': [[0.5144959194594867, -0.7070841192800329, 0.4851041095698092, -0.4420018873943275], [-0.514539242479627, -0.7071294379928379, -0.4849920884637443, -0.3599581945358601], [0.6859616000972858, -7.865057707280613e-05, -0.7276377374807179, 0.24649268344417388], [0.0, 0.0, 0.0, 1.0]]}
{'obs': {'Object 1': {'Probability': {'blu': 0.5, 'ylw': 0.25, 'grn': 0.25}, 'Pose': [1.0, 0.0, 0.0, -0.08048798064162649, 0.0, 1.0, 0.0, -0.09809880664905048, 0.0, 0.0, 1.0, 0.23971276527527957, 0.0, 0.0, 0.0, 1.0], 'Count': 4, 'Time': 1722307335.591379}, 'Object 2': {'Probability': {'blu': 0.5, 'ylw': 0.0, 'grn': 0.5}, 'Pose': [1.0, 0.0, 0.0, -0.07444571553582723, 0.0, 1.0, 0.0, -0.10182237451415174, 0.0, 0.0, 1.0, 0.23338475187978958, 0.0, 0.0, 0.0, 1.0], 'Count': 2, 'Time': 1722307335.604644}, 'Object 3': {'Probability': {'blu': 0.3333333333333333, 'ylw': 0.3333333333333333, 'grn': 0.3333333333333333}, 'Pose': [1.0, 0.0, 0.0, 0.0, 0.0, 1.0, 0.0, 0.0, 0.0, 0.0, 1.0, 0.0, 0.0, 0.0, 0.0, 1.0], 'Count': 3, 'Time': 1722307335.6180089}, 'Object 4': {'Probability': {'blu': 0.5, 'ylw': 0.5, 'grn': 0.0}, 'Pose': [1.0, 0.0, 0.0, 0.0, 0.0, 1.0, 0.0, 0.0, 0.0, 0.0, 1.0, 0.0, 0.0, 0.0, 0.0, 1.0], 'Count': 2, 'Time': 1722307335.6311998}, 'Object 5': {'Probability': {'blu': 0.5, 'ylw': 0.5, 'grn': 0.0}, 'Pose': [1.0, 0.0, 0.0, 0.0, 0.0, 1.0, 0.0, 0.0, 0.0, 0.0, 1.0, 0.0, 0.0, 0.0, 0.0, 1.0], 'Count': 2, 'Time': 1722307335.6441946}, 'Object 6': {'Probability': {'blu': 1.0, 'ylw': 0.0, 'grn': 0.0}, 'Pose': [1.0, 0.0, 0.0, 0.0, 0.0, 1.0, 0.0, 0.0, 0.0, 0.0, 1.0, 0.0, 0.0, 0.0, 0.0, 1.0], 'Count': 2, 'Time': 1722307335.6573212}, 'Object 7': {'Probability': {'blu': 1.0, 'ylw': 0.0, 'grn': 0.0}, 'Pose': [1.0, 0.0, 0.0, -0.0798725860491194, 0.0, 1.0, 0.0, -0.08739277390017804, 0.0, 0.0, 1.0, 0.23840244530161964, 0.0, 0.0, 0.0, 1.0], 'Count': 1, 'Time': 1722307335.6705737}}, 'cam': [[0.5145434567250777, -0.7070602003073277, 0.4850885530320932, -0.44200023743171274], [-0.5144287346286981, -0.7071533573421118, -0.4850744336574515, -0.4100091051215948], [0.6860088251106728, 4.838534389879597e-05, -0.727593217071966, 0.24654618268464873], [0.0, 0.0, 0.0, 1.0]]}
{'obs': {'Object 1': {'Probability': {'blu': 0.3333333333333333, 'ylw': 0.3333333333333333, 'grn': 0.3333333333333333}, 'Pose': [1.0, 0.0, 0.0, 0.29793474578041174, 0.0, 1.0, 0.0, 0.049509881611662955, 0.0, 0.0, 1.0, 0.2999192292873676, 0.0, 0.0, 0.0, 1.0], 'Count': 3, 'Time': 1722307341.8365095}, 'Object 2': {'Probability': {'blu': 0.3333333333333333, 'ylw': 0.3333333333333333, 'grn': 0.3333333333333333}, 'Pose': [1.0, 0.0, 0.0, 0.0, 0.0, 1.0, 0.0, 0.0, 0.0, 0.0, 1.0, 0.0, 0.0, 0.0, 0.0, 1.0], 'Count': 3, 'Time': 1722307341.8508039}, 'Object 3': {'Probability': {'blu': 0.5, 'ylw': 0.5, 'grn': 0.0}, 'Pose': [1.0, 0.0, 0.0, 0.0, 0.0, 1.0, 0.0, 0.0, 0.0, 0.0, 1.0, 0.0, 0.0, 0.0, 0.0, 1.0], 'Count': 2, 'Time': 1722307341.864167}, 'Object 4': {'Probability': {'blu': 0.5, 'ylw': 0.5, 'grn': 0.0}, 'Pose': [1.0, 0.0, 0.0, 0.0, 0.0, 1.0, 0.0, 0.0, 0.0, 0.0, 1.0, 0.0, 0.0, 0.0, 0.0, 1.0], 'Count': 2, 'Time': 1722307341.877293}, 'Object 5': {'Probability': {'blu': 1.0, 'ylw': 0.0, 'grn': 0.0}, 'Pose': [1.0, 0.0, 0.0, 0.0, 0.0, 1.0, 0.0, 0.0, 0.0, 0.0, 1.0, 0.0, 0.0, 0.0, 0.0, 1.0], 'Count': 2, 'Time': 1722307341.8904302}, 'Object 6': {'Probability': {'blu': 1.0, 'ylw': 0.0, 'grn': 0.0}, 'Pose': [1.0, 0.0, 0.0, -0.107503236705346, 0.0, 1.0, 0.0, -0.12196705124325165, 0.0, 0.0, 1.0, 0.22846922768685882, 0.0, 0.0, 0.0, 1.0], 'Count': 1, 'Time': 1722307341.9071689}}, 'cam': [[0.5144402235484725, -0.7070780991125284, 0.4851719469948886, -0.4419913057576044], [-0.5145155270850067, -0.7071354518081784, -0.4850084794975041, -0.46000208232962775], [0.686021157679437, -0.00012062941933326004, -0.7275815807623968, 0.2464707977304183], [0.0, 0.0, 0.0, 1.0]]}
{'obs': {'Object 1': {'Probability': {'blu': 0.4, 'ylw': 0.2, 'grn': 0.4}, 'Pose': [1.0, 0.0, 0.0, 0.0, 0.0, 1.0, 0.0, 0.0, 0.0, 0.0, 1.0, 0.0, 0.0, 0.0, 0.0, 1.0], 'Count': 5, 'Time': 1722307347.9439478}, 'Object 2': {'Probability': {'blu': 1.0, 'ylw': 0.0, 'grn': 0.0}, 'Pose': [1.0, 0.0, 0.0, 0.0, 0.0, 1.0, 0.0, 0.0, 0.0, 0.0, 1.0, 0.0, 0.0, 0.0, 0.0, 1.0], 'Count': 1, 'Time': 1722307347.958141}}, 'cam': [[0.5144984191005637, -0.7070976279073078, 0.4850817676957971, -0.4420247444853054], [-0.5145014753719485, -0.7071159341458193, -0.4850518400307051, -0.5099843820793764], [0.6859880527991054, -1.6880277903294867e-05, -0.7276128030291577, 0.24650268573180822], [0.0, 0.0, 0.0, 1.0]]}
{'obs': {'Object 1': {'Probability': {'blu': 0.4, 'ylw': 0.2, 'grn': 0.4}, 'Pose': [1.0, 0.0, 0.0, 0.0, 0.0, 1.0, 0.0, 0.0, 0.0, 0.0, 1.0, 0.0, 0.0, 0.0, 0.0, 1.0], 'Count': 5, 'Time': 1722307354.0029495}, 'Object 2': {'Probability': {'blu': 0.5, 'ylw': 0.0, 'grn': 0.5}, 'Pose': [1.0, 0.0, 0.0, 0.0, 0.0, 1.0, 0.0, 0.0, 0.0, 0.0, 1.0, 0.0, 0.0, 0.0, 0.0, 1.0], 'Count': 2, 'Time': 1722307354.0161974}, 'Object 3': {'Probability': {'blu': 0.3333333333333333, 'ylw': 0.3333333333333333, 'grn': 0.3333333333333333}, 'Pose': [1.0, 0.0, 0.0, 0.0, 0.0, 1.0, 0.0, 0.0, 0.0, 0.0, 1.0, 0.0, 0.0, 0.0, 0.0, 1.0], 'Count': 3, 'Time': 1722307354.0294032}, 'Object 4': {'Probability': {'blu': 0.5, 'ylw': 0.0, 'grn': 0.5}, 'Pose': [1.0, 0.0, 0.0, 0.0, 0.0, 1.0, 0.0, 0.0, 0.0, 0.0, 1.0, 0.0, 0.0, 0.0, 0.0, 1.0], 'Count': 2, 'Time': 1722307354.0426404}, 'Object 5': {'Probability': {'blu': 0.3333333333333333, 'ylw': 0.3333333333333333, 'grn': 0.3333333333333333}, 'Pose': [1.0, 0.0, 0.0, 0.0, 0.0, 1.0, 0.0, 0.0, 0.0, 0.0, 1.0, 0.0, 0.0, 0.0, 0.0, 1.0], 'Count': 3, 'Time': 1722307354.0559235}, 'Object 6': {'Probability': {'blu': 1.0, 'ylw': 0.0, 'grn': 0.0}, 'Pose': [1.0, 0.0, 0.0, 0.0, 0.0, 1.0, 0.0, 0.0, 0.0, 0.0, 1.0, 0.0, 0.0, 0.0, 0.0, 1.0], 'Count': 1, 'Time': 1722307354.071678}}, 'cam': [[0.5144847781912258, -0.7071295865830199, 0.48504964775623993, -0.4420468067432789], [-0.5144979516097147, -0.7070839747536, -0.4851021649467848, -0.5599667249865886], [0.6860009262376636, 2.06295331307695e-05, -0.7276006657332647, 0.2465141656685513], [0.0, 0.0, 0.0, 1.0]]}
