[['blu', [[1.0, 0.0, 0.0, -0.286], [0.0, 1.0, 0.0, -0.291], [0.0, 0.0, 1.0, 0.0125], [0.0, 0.0, 0.0, 1.0]]], ['ylw', [[1.0, 0.0, 0.0, -0.297], [0.0, 1.0, 0.0, -0.413], [0.0, 0.0, 1.0, 0.0125], [0.0, 0.0, 0.0, 1.0]]], ['NOT', [[1.0, 0.0, 0.0, -0.304], [0.0, 1.0, 0.0, -0.537], [0.0, 0.0, 1.0, 0.0125], [0.0, 0.0, 0.0, 1.0]]]]
{'obs': {'Object 1': {'Probability': {'blu': 0.5, 'ylw': 0.16666666666666666, 'grn': 0.3333333333333333}, 'Pose': [1.0, 0.0, 0.0, 0.0337214249927298, 0.0, 1.0, 0.0, 0.0591472830309941, 0.0, 0.0, 1.0, 0.2590624436738128, 0.0, 0.0, 0.0, 1.0], 'Count': 6, 'Time': 1722308482.2243202}, 'Object 2': {'Probability': {'blu': 0.4, 'ylw': 0.2, 'grn': 0.4}, 'Pose': [1.0, 0.0, 0.0, 0.0, 0.0, 1.0, 0.0, 0.0, 0.0, 0.0, 1.0, 0.0, 0.0, 0.0, 0.0, 1.0], 'Count': 5, 'Time': 1722308482.237894}, 'Object 3': {'Probability': {'blu': 0.5, 'ylw': 0.0, 'grn': 0.5}, 'Pose': [1.0, 0.0, 0.0, 0.22141524443694988, 0.0, 1.0, 0.0, 0.06839262492687515, 0.0, 0.0, 1.0, 0.2555942837681089, 0.0, 0.0, 0.0, 1.0], 'Count': 2, 'Time': 1722308482.2511709}, 'Object 4': {'Probability': {'blu': 0.2, 'ylw': 0.6, 'grn': 0.2}, 'Pose': [1.0, 0.0, 0.0, 0.08031316409933915, 0.0, 1.0, 0.0, 0.14936696308139424, 0.0, 0.0, 1.0, 0.3209862969604786, 0.0, 0.0, 0.0, 1.0], 'Count': 5, 'Time': 1722308482.2644565}, 'Object 5': {'Probability': {'blu': 0.3333333333333333, 'ylw': 0.3333333333333333, 'grn': 0.3333333333333333}, 'Pose': [1.0, 0.0, 0.0, 0.0, 0.0, 1.0, 0.0, 0.0, 0.0, 0.0, 1.0, 0.0, 0.0, 0.0, 0.0, 1.0], 'Count': 3, 'Time': 1722308482.2776396}, 'Object 6': {'Probability': {'blu': 0.3333333333333333, 'ylw': 0.3333333333333333, 'grn': 0.3333333333333333}, 'Pose': [1.0, 0.0, 0.0, 0.0, 0.0, 1.0, 0.0, 0.0, 0.0, 0.0, 1.0, 0.0, 0.0, 0.0, 0.0, 1.0], 'Count': 3, 'Time': 1722308482.2907887}, 'Object 7': {'Probability': {'blu': 1.0, 'ylw': 0.0, 'grn': 0.0}, 'Pose': [1.0, 0.0, 0.0, 0.1597938973896738, 0.0, 1.0, 0.0, 0.06815929598773378, 0.0, 0.0, 1.0, 0.16500674537013446, 0.0, 0.0, 0.0, 1.0], 'Count': 1, 'Time': 1722308482.3041313}}, 'cam': [[0.408218351791908, -0.7071836311106137, 0.5772773069760369, -0.4139434421769436], [-0.40823982188143965, -0.7070299205092863, -0.5774503782446099, -0.0880041544724354], [0.8165157837363026, 5.8256672534179286e-05, -0.5773231084199311, 0.14047892532118222], [0.0, 0.0, 0.0, 1.0]]}
{'obs': {'Object 1': {'Probability': {'blu': 0.5, 'ylw': 0.25, 'grn': 0.25}, 'Pose': [1.0, 0.0, 0.0, 0.011387493716255956, 0.0, 1.0, 0.0, 0.02205568833554944, 0.0, 0.0, 1.0, 0.22476142209771086, 0.0, 0.0, 0.0, 1.0], 'Count': 4, 'Time': 1722308488.4032102}, 'Object 2': {'Probability': {'blu': 0.2, 'ylw': 0.6, 'grn': 0.2}, 'Pose': [1.0, 0.0, 0.0, 0.06309487567573809, 0.0, 1.0, 0.0, 0.11714424482821424, 0.0, 0.0, 1.0, 0.29580320487863554, 0.0, 0.0, 0.0, 1.0], 'Count': 5, 'Time': 1722308488.4184437}, 'Object 3': {'Probability': {'blu': 0.5, 'ylw': 0.0, 'grn': 0.5}, 'Pose': [1.0, 0.0, 0.0, 0.21031798560384093, 0.0, 1.0, 0.0, 0.05431132666570803, 0.0, 0.0, 1.0, 0.24449770475680732, 0.0, 0.0, 0.0, 1.0], 'Count': 2, 'Time': 1722308488.4331143}, 'Object 4': {'Probability': {'blu': 0.4, 'ylw': 0.2, 'grn': 0.4}, 'Pose': [1.0, 0.0, 0.0, 0.0, 0.0, 1.0, 0.0, 0.0, 0.0, 0.0, 1.0, 0.0, 0.0, 0.0, 0.0, 1.0], 'Count': 5, 'Time': 1722308488.4496117}, 'Object 5': {'Probability': {'blu': 0.25, 'ylw': 0.25, 'grn': 0.5}, 'Pose': [1.0, 0.0, 0.0, 0.0, 0.0, 1.0, 0.0, 0.0, 0.0, 0.0, 1.0, 0.0, 0.0, 0.0, 0.0, 1.0], 'Count': 4, 'Time': 1722308488.466373}, 'Object 6': {'Probability': {'blu': 1.0, 'ylw': 0.0, 'grn': 0.0}, 'Pose': [1.0, 0.0, 0.0, 0.023530016046148308, 0.0, 1.0, 0.0, 0.02281138447963251, 0.0, 0.0, 1.0, 0.22511177053385165, 0.0, 0.0, 0.0, 1.0], 'Count': 1, 'Time': 1722308488.4809024}}, 'cam': [[0.4081763555233016, -0.7070675948470729, 0.5774491138696904, -0.4139518368632746], [-0.4082260763072039, -0.7071459605731326, -0.5773179895585507, -0.1380255307867035], [0.8165436506485986, -8.223306604681627e-05, -0.5772836909381577, 0.1404245120688174], [0.0, 0.0, 0.0, 1.0]]}
{'obs': {'Object 1': {'Probability': {'blu': 0.4, 'ylw': 0.2, 'grn': 0.4}, 'Pose': [1.0, 0.0, 0.0, -0.008666515556753518, 0.0, 1.0, 0.0, -0.016540698715093418, 0.0, 0.0, 1.0, 0.1964097427122777, 0.0, 0.0, 0.0, 1.0], 'Count': 5, 'Time': 1722308494.534719}, 'Object 2': {'Probability': {'blu': 0.14285714285714285, 'ylw': 0.7142857142857143, 'grn': 0.14285714285714285}, 'Pose': [1.0, 0.0, 0.0, 0.041922938533513934, 0.0, 1.0, 0.0, 0.08107925977367306, 0.0, 0.0, 1.0, 0.26607528787300355, 0.0, 0.0, 0.0, 1.0], 'Count': 7, 'Time': 1722308494.5483618}, 'Object 3': {'Probability': {'blu': 0.5, 'ylw': 0.0, 'grn': 0.5}, 'Pose': [1.0, 0.0, 0.0, 0.0024242037697682906, 0.0, 1.0, 0.0, -0.016387457364934476, 0.0, 0.0, 1.0, 0.19624195714395765, 0.0, 0.0, 0.0, 1.0], 'Count': 2, 'Time': 1722308494.5620346}, 'Object 4': {'Probability': {'blu': 0.5, 'ylw': 0.0, 'grn': 0.5}, 'Pose': [1.0, 0.0, 0.0, 0.12399248657648428, 0.0, 1.0, 0.0, 0.028362863368031156, 0.0, 0.0, 1.0, 0.1310974529901668, 0.0, 0.0, 0.0, 1.0], 'Count': 2, 'Time': 1722308494.5767777}, 'Object 5': {'Probability': {'blu': 0.4, 'ylw': 0.2, 'grn': 0.4}, 'Pose': [1.0, 0.0, 0.0, 0.0, 0.0, 1.0, 0.0, 0.0, 0.0, 0.0, 1.0, 0.0, 0.0, 0.0, 0.0, 1.0], 'Count': 5, 'Time': 1722308494.5905397}, 'Object 6': {'Probability': {'blu': 0.3333333333333333, 'ylw': 0.3333333333333333, 'grn': 0.3333333333333333}, 'Pose': [1.0, 0.0, 0.0, 0.34291878835881034, 0.0, 1.0, 0.0, -0.0013401946079352484, 0.0, 0.0, 1.0, 0.4496927485949751, 0.0, 0.0, 0.0, 1.0], 'Count': 3, 'Time': 1722308494.603861}, 'Object 7': {'Probability': {'blu': 1.0, 'ylw': 0.0, 'grn': 0.0}, 'Pose': [1.0, 0.0, 0.0, -0.009463143132032108, 0.0, 1.0, 0.0, -0.0022596663082004634, 0.0, 0.0, 1.0, 0.1916560341011394, 0.0, 0.0, 0.0, 1.0], 'Count': 1, 'Time': 1722308494.6170082}}, 'cam': [[0.4082837493666814, -0.7070797389604708, 0.5773583140084477, -0.4139786432935829], [-0.4082404960172648, -0.7071338223017604, -0.5773226608825264, -0.1880442765982699], [0.8164827477752747, 1.0416088966796986e-05, -0.5773698316303357, 0.14044966664341524], [0.0, 0.0, 0.0, 1.0]]}
{'obs': {'Object 1': {'Probability': {'blu': 0.5, 'ylw': 0.25, 'grn': 0.25}, 'Pose': [1.0, 0.0, 0.0, -0.028135158737973485, 0.0, 1.0, 0.0, -0.05284934304066652, 0.0, 0.0, 1.0, 0.1695665289305973, 0.0, 0.0, 0.0, 1.0], 'Count': 4, 'Time': 1722308500.7715423}, 'Object 2': {'Probability': {'blu': 0.2, 'ylw': 0.6, 'grn': 0.2}, 'Pose': [1.0, 0.0, 0.0, 0.02053681592489934, 0.0, 1.0, 0.0, 0.045778940254540906, 0.0, 0.0, 1.0, 0.23672021406234692, 0.0, 0.0, 0.0, 1.0], 'Count': 5, 'Time': 1722308500.7854226}, 'Object 3': {'Probability': {'blu': 0.5, 'ylw': 0.0, 'grn': 0.5}, 'Pose': [1.0, 0.0, 0.0, -0.027791856085685403, 0.0, 1.0, 0.0, -0.039783909296388156, 0.0, 0.0, 1.0, 0.16273522002365318, 0.0, 0.0, 0.0, 1.0], 'Count': 2, 'Time': 1722308500.7988842}, 'Object 4': {'Probability': {'blu': 0.5, 'ylw': 0.0, 'grn': 0.5}, 'Pose': [1.0, 0.0, 0.0, 0.21641159135574284, 0.0, 1.0, 0.0, 0.05184948548279714, 0.0, 0.0, 1.0, 0.2569600731243581, 0.0, 0.0, 0.0, 1.0], 'Count': 2, 'Time': 1722308500.8123825}, 'Object 5': {'Probability': {'blu': 0.5, 'ylw': 0.25, 'grn': 0.25}, 'Pose': [1.0, 0.0, 0.0, 0.0, 0.0, 1.0, 0.0, 0.0, 0.0, 0.0, 1.0, 0.0, 0.0, 0.0, 0.0, 1.0], 'Count': 4, 'Time': 1722308500.8255157}, 'Object 6': {'Probability': {'blu': 0.5, 'ylw': 0.0, 'grn': 0.5}, 'Pose': [1.0, 0.0, 0.0, -0.029707119179086295, 0.0, 1.0, 0.0, -0.06260173138826085, 0.0, 0.0, 1.0, 0.16509546209757778, 0.0, 0.0, 0.0, 1.0], 'Count': 2, 'Time': 1722308500.8390303}, 'Object 7': {'Probability': {'blu': 0.3333333333333333, 'ylw': 0.3333333333333333, 'grn': 0.3333333333333333}, 'Pose': [1.0, 0.0, 0.0, 0.3520400450218869, 0.0, 1.0, 0.0, 0.008000502987677058, 0.0, 0.0, 1.0, 0.4608638570251235, 0.0, 0.0, 0.0, 1.0], 'Count': 3, 'Time': 1722308500.8523946}, 'Object 8': {'Probability': {'blu': 1.0, 'ylw': 0.0, 'grn': 0.0}, 'Pose': [1.0, 0.0, 0.0, 0.0, 0.0, 1.0, 0.0, 0.0, 0.0, 0.0, 1.0, 0.0, 0.0, 0.0, 0.0, 1.0], 'Count': 1, 'Time': 1722308500.8662481}}, 'cam': [[0.4084218048224402, -0.7070771492003032, 0.5772638343291157, -0.41398787668740933], [-0.4082567728784157, -0.7071364028542465, -0.5773079898609224, -0.23803048541968236], [0.8164055589867589, 0.00011330105478780102, -0.5774789610179654, 0.14051512357735246], [0.0, 0.0, 0.0, 1.0]]}
{'obs': {'Object 1': {'Probability': {'blu': 0.5, 'ylw': 0.25, 'grn': 0.25}, 'Pose': [1.0, 0.0, 0.0, -0.04994201978677797, 0.0, 1.0, 0.0, -0.07728372767718968, 0.0, 0.0, 1.0, 0.1519838887870996, 0.0, 0.0, 0.0, 1.0], 'Count': 4, 'Time': 1722308506.9327328}, 'Object 2': {'Probability': {'blu': 0.16666666666666666, 'ylw': 0.5, 'grn': 0.3333333333333333}, 'Pose': [1.0, 0.0, 0.0, 0.0006660329969060927, 0.0, 1.0, 0.0, 0.009803581014872602, 0.0, 0.0, 1.0, 0.20796223574534645, 0.0, 0.0, 0.0, 1.0], 'Count': 6, 'Time': 1722308506.9464}, 'Object 3': {'Probability': {'blu': 0.5, 'ylw': 0.0, 'grn': 0.5}, 'Pose': [1.0, 0.0, 0.0, 0.21518958451298476, 0.0, 1.0, 0.0, 0.04959281464785449, 0.0, 0.0, 1.0, 0.25235333253939946, 0.0, 0.0, 0.0, 1.0], 'Count': 2, 'Time': 1722308506.9598691}, 'Object 4': {'Probability': {'blu': 0.4, 'ylw': 0.4, 'grn': 0.2}, 'Pose': [1.0, 0.0, 0.0, 0.0, 0.0, 1.0, 0.0, 0.0, 0.0, 0.0, 1.0, 0.0, 0.0, 0.0, 0.0, 1.0], 'Count': 5, 'Time': 1722308506.9738884}, 'Object 5': {'Probability': {'blu': 0.3333333333333333, 'ylw': 0.3333333333333333, 'grn': 0.3333333333333333}, 'Pose': [1.0, 0.0, 0.0, 0.0, 0.0, 1.0, 0.0, 0.0, 0.0, 0.0, 1.0, 0.0, 0.0, 0.0, 0.0, 1.0], 'Count': 3, 'Time': 1722308506.9870682}, 'Object 6': {'Probability': {'blu': 0.5, 'ylw': 0.0, 'grn': 0.5}, 'Pose': [1.0, 0.0, 0.0, 0.09499104935958144, 0.0, 1.0, 0.0, -0.013719538592305102, 0.0, 0.0, 1.0, 0.10306363756006415, 0.0, 0.0, 0.0, 1.0], 'Count': 2, 'Time': 1722308507.0002267}, 'Object 7': {'Probability': {'blu': 1.0, 'ylw': 0.0, 'grn': 0.0}, 'Pose': [1.0, 0.0, 0.0, 0.0, 0.0, 1.0, 0.0, 0.0, 0.0, 0.0, 1.0, 0.0, 0.0, 0.0, 0.0, 1.0], 'Count': 1, 'Time': 1722308507.0132515}}, 'cam': [[0.40827330827933345, -0.7071107354275092, 0.5773277349909799, -0.41395662325847205], [-0.4082458875882761, -0.7071028263808343, -0.5773568118516451, -0.28805226011578516], [0.816485272992666, 2.7702031558168825e-05, -0.5773662600279729, 0.14049679145346466], [0.0, 0.0, 0.0, 1.0]]}
{'obs': {'Object 1': {'Probability': {'blu': 0.2, 'ylw': 0.4, 'grn': 0.4}, 'Pose': [1.0, 0.0, 0.0, -0.01916057222324562, 0.0, 1.0, 0.0, -0.026571393300236727, 0.0, 0.0, 1.0, 0.17945884168538184, 0.0, 0.0, 0.0, 1.0], 'Count': 5, 'Time': 1722308513.1125572}, 'Object 2': {'Probability': {'blu': 0.5, 'ylw': 0.0, 'grn': 0.5}, 'Pose': [1.0, 0.0, 0.0, 0.20231066814803342, 0.0, 1.0, 0.0, 0.049007503723811144, 0.0, 0.0, 1.0, 0.2421963582185804, 0.0, 0.0, 0.0, 1.0], 'Count': 2, 'Time': 1722308513.1259396}, 'Object 3': {'Probability': {'blu': 0.42857142857142855, 'ylw': 0.2857142857142857, 'grn': 0.2857142857142857}, 'Pose': [1.0, 0.0, 0.0, 0.0, 0.0, 1.0, 0.0, 0.0, 0.0, 0.0, 1.0, 0.0, 0.0, 0.0, 0.0, 1.0], 'Count': 7, 'Time': 1722308513.1389446}, 'Object 4': {'Probability': {'blu': 0.25, 'ylw': 0.25, 'grn': 0.5}, 'Pose': [1.0, 0.0, 0.0, 0.0, 0.0, 1.0, 0.0, 0.0, 0.0, 0.0, 1.0, 0.0, 0.0, 0.0, 0.0, 1.0], 'Count': 4, 'Time': 1722308513.152346}, 'Object 5': {'Probability': {'blu': 1.0, 'ylw': 0.0, 'grn': 0.0}, 'Pose': [1.0, 0.0, 0.0, 0.0, 0.0, 1.0, 0.0, 0.0, 0.0, 0.0, 1.0, 0.0, 0.0, 0.0, 0.0, 1.0], 'Count': 1, 'Time': 1722308513.165437}}, 'cam': [[0.408197847883, -0.7070988972015825, 0.5773955893146335, -0.41392812028573217], [-0.4082547899019809, -0.7071146627705763, -0.5773360201970282, -0.3380272518494975], [0.8165185506195044, -5.719405621312238e-05, -0.5773191952664172, 0.14045140036433992], [0.0, 0.0, 0.0, 1.0]]}
{'obs': {'Object 1': {'Probability': {'blu': 0.3333333333333333, 'ylw': 0.3333333333333333, 'grn': 0.3333333333333333}, 'Pose': [1.0, 0.0, 0.0, -0.04066160390618493, 0.0, 1.0, 0.0, -0.06227724724592575, 0.0, 0.0, 1.0, 0.1509612976233727, 0.0, 0.0, 0.0, 1.0], 'Count': 3, 'Time': 1722308519.1959686}, 'Object 2': {'Probability': {'blu': 0.4, 'ylw': 0.4, 'grn': 0.2}, 'Pose': [1.0, 0.0, 0.0, 0.0, 0.0, 1.0, 0.0, 0.0, 0.0, 0.0, 1.0, 0.0, 0.0, 0.0, 0.0, 1.0], 'Count': 5, 'Time': 1722308519.2092016}, 'Object 3': {'Probability': {'blu': 0.5, 'ylw': 0.0, 'grn': 0.5}, 'Pose': [1.0, 0.0, 0.0, 0.16747859127854214, 0.0, 1.0, 0.0, 0.03261613820527498, 0.0, 0.0, 1.0, 0.18305621108745937, 0.0, 0.0, 0.0, 1.0], 'Count': 2, 'Time': 1722308519.22275}, 'Object 4': {'Probability': {'blu': 0.5, 'ylw': 0.0, 'grn': 0.5}, 'Pose': [1.0, 0.0, 0.0, 0.09436344183516536, 0.0, 1.0, 0.0, -0.014294382925163598, 0.0, 0.0, 1.0, 0.10251666605472565, 0.0, 0.0, 0.0, 1.0], 'Count': 2, 'Time': 1722308519.236328}, 'Object 5': {'Probability': {'blu': 1.0, 'ylw': 0.0, 'grn': 0.0}, 'Pose': [1.0, 0.0, 0.0, 0.18970050842025732, 0.0, 1.0, 0.0, 0.11066314476288275, 0.0, 0.0, 1.0, 0.22002352949450998, 0.0, 0.0, 0.0, 1.0], 'Count': 1, 'Time': 1722308519.249886}}, 'cam': [[0.4083819823095088, -0.7069933015368006, 0.5773946900578932, -0.41393061055131575], [-0.40818293792915866, -0.7072202401746931, -0.5772574997960356, -0.3880553049430585], [0.8164623969960139, 5.890113720908304e-05, -0.577398606529475, 0.14046580163171163], [0.0, 0.0, 0.0, 1.0]]}
{'obs': {'Object 1': {'Probability': {'blu': 0.5, 'ylw': 0.0, 'grn': 0.5}, 'Pose': [1.0, 0.0, 0.0, 0.1428812741628031, 0.0, 1.0, 0.0, 0.03024690403134491, 0.0, 0.0, 1.0, 0.15645384854012792, 0.0, 0.0, 0.0, 1.0], 'Count': 2, 'Time': 1722308525.313418}, 'Object 2': {'Probability': {'blu': 0.5, 'ylw': 0.25, 'grn': 0.25}, 'Pose': [1.0, 0.0, 0.0, 0.0, 0.0, 1.0, 0.0, 0.0, 0.0, 0.0, 1.0, 0.0, 0.0, 0.0, 0.0, 1.0], 'Count': 4, 'Time': 1722308525.328349}, 'Object 3': {'Probability': {'blu': 0.4, 'ylw': 0.2, 'grn': 0.4}, 'Pose': [1.0, 0.0, 0.0, 0.0, 0.0, 1.0, 0.0, 0.0, 0.0, 0.0, 1.0, 0.0, 0.0, 0.0, 0.0, 1.0], 'Count': 5, 'Time': 1722308525.3450193}, 'Object 4': {'Probability': {'blu': 0.5, 'ylw': 0.0, 'grn': 0.5}, 'Pose': [1.0, 0.0, 0.0, 0.0, 0.0, 1.0, 0.0, 0.0, 0.0, 0.0, 1.0, 0.0, 0.0, 0.0, 0.0, 1.0], 'Count': 2, 'Time': 1722308525.362013}, 'Object 5': {'Probability': {'blu': 0.4, 'ylw': 0.2, 'grn': 0.4}, 'Pose': [1.0, 0.0, 0.0, 0.0, 0.0, 1.0, 0.0, 0.0, 0.0, 0.0, 1.0, 0.0, 0.0, 0.0, 0.0, 1.0], 'Count': 5, 'Time': 1722308525.3781855}, 'Object 6': {'Probability': {'blu': 1.0, 'ylw': 0.0, 'grn': 0.0}, 'Pose': [1.0, 0.0, 0.0, 0.0, 0.0, 1.0, 0.0, 0.0, 0.0, 0.0, 1.0, 0.0, 0.0, 0.0, 0.0, 1.0], 'Count': 1, 'Time': 1722308525.3914814}}, 'cam': [[0.408154548483969, -0.707148900679353, 0.577364959812968, -0.41396822297571373], [-0.4082756888794146, -0.7070646563967649, -0.5773824846187875, -0.4379949266202804], [0.816529746195377, -6.278939034164991e-05, -0.5773033601457778, 0.14042381055174985], [0.0, 0.0, 0.0, 1.0]]}
{'obs': {'Object 1': {'Probability': {'blu': 0.5, 'ylw': 0.0, 'grn': 0.5}, 'Pose': [1.0, 0.0, 0.0, 0.2869070519353288, 0.0, 1.0, 0.0, 0.05309623265834769, 0.0, 0.0, 1.0, 0.35196429065295626, 0.0, 0.0, 0.0, 1.0], 'Count': 2, 'Time': 1722308531.4125578}, 'Object 2': {'Probability': {'blu': 0.3333333333333333, 'ylw': 0.3333333333333333, 'grn': 0.3333333333333333}, 'Pose': [1.0, 0.0, 0.0, 0.0, 0.0, 1.0, 0.0, 0.0, 0.0, 0.0, 1.0, 0.0, 0.0, 0.0, 0.0, 1.0], 'Count': 6, 'Time': 1722308531.425689}, 'Object 3': {'Probability': {'blu': 0.5, 'ylw': 0.0, 'grn': 0.5}, 'Pose': [1.0, 0.0, 0.0, 0.0, 0.0, 1.0, 0.0, 0.0, 0.0, 0.0, 1.0, 0.0, 0.0, 0.0, 0.0, 1.0], 'Count': 2, 'Time': 1722308531.4389486}, 'Object 4': {'Probability': {'blu': 0.2, 'ylw': 0.6, 'grn': 0.2}, 'Pose': [1.0, 0.0, 0.0, 0.32862182822539404, 0.0, 1.0, 0.0, -0.017638343874445715, 0.0, 0.0, 1.0, 0.4298705875873566, 0.0, 0.0, 0.0, 1.0], 'Count': 5, 'Time': 1722308531.4521792}, 'Object 5': {'Probability': {'blu': 0.3333333333333333, 'ylw': 0.0, 'grn': 0.6666666666666666}, 'Pose': [1.0, 0.0, 0.0, 0.09131874714927406, 0.0, 1.0, 0.0, 0.03713550208016633, 0.0, 0.0, 1.0, 0.0921216238592122, 0.0, 0.0, 0.0, 1.0], 'Count': 3, 'Time': 1722308531.4655278}, 'Object 6': {'Probability': {'blu': 1.0, 'ylw': 0.0, 'grn': 0.0}, 'Pose': [1.0, 0.0, 0.0, 0.18646168354976528, 0.0, 1.0, 0.0, -0.15275279517325077, 0.0, 0.0, 1.0, 0.48497664278660957, 0.0, 0.0, 0.0, 1.0], 'Count': 1, 'Time': 1722308531.4787664}}, 'cam': [[0.4082460114768241, -0.7071249169352736, 0.5773296683546993, -0.41396126213435613], [-0.40822624408151537, -0.7070886440937997, -0.577388069704155, -0.48802581138099094], [0.816508743221016, 3.525442175789647e-05, -0.57733306764879, 0.14044873920831402], [0.0, 0.0, 0.0, 1.0]]}
{'obs': {'Object 1': {'Probability': {'blu': 0.3333333333333333, 'ylw': 0.3333333333333333, 'grn': 0.3333333333333333}, 'Pose': [1.0, 0.0, 0.0, 0.0, 0.0, 1.0, 0.0, 0.0, 0.0, 0.0, 1.0, 0.0, 0.0, 0.0, 0.0, 1.0], 'Count': 6, 'Time': 1722308537.6405094}, 'Object 2': {'Probability': {'blu': 0.5, 'ylw': 0.0, 'grn': 0.5}, 'Pose': [1.0, 0.0, 0.0, 0.14926073495058734, 0.0, 1.0, 0.0, 0.032244464445277975, 0.0, 0.0, 1.0, 0.16243183077640935, 0.0, 0.0, 0.0, 1.0], 'Count': 2, 'Time': 1722308537.6574633}, 'Object 3': {'Probability': {'blu': 1.0, 'ylw': 0.0, 'grn': 0.0}, 'Pose': [1.0, 0.0, 0.0, 0.0, 0.0, 1.0, 0.0, 0.0, 0.0, 0.0, 1.0, 0.0, 0.0, 0.0, 0.0, 1.0], 'Count': 1, 'Time': 1722308537.6725256}}, 'cam': [[0.4082854274150705, -0.7070520330447447, 0.5773910566745784, -0.4139283511336999], [-0.40830062744183976, -0.7071615218282709, -0.5772462036913919, -0.5380300278847002], [0.8164518402153877, -6.791772167041302e-05, -0.5774135329173451, 0.14045957229691736], [0.0, 0.0, 0.0, 1.0]]}
{'obs': {'Object 1': {'Probability': {'blu': 0.3333333333333333, 'ylw': 0.3333333333333333, 'grn': 0.3333333333333333}, 'Pose': [1.0, 0.0, 0.0, 0.0, 0.0, 1.0, 0.0, 0.0, 0.0, 0.0, 1.0, 0.0, 0.0, 0.0, 0.0, 1.0], 'Count': 6, 'Time': 1722308543.7108862}, 'Object 2': {'Probability': {'blu': 0.5, 'ylw': 0.0, 'grn': 0.5}, 'Pose': [1.0, 0.0, 0.0, 0.1294734223702299, 0.0, 1.0, 0.0, 0.021038740024566672, 0.0, 0.0, 1.0, 0.1399929155848761, 0.0, 0.0, 0.0, 1.0], 'Count': 2, 'Time': 1722308543.7239933}, 'Object 3': {'Probability': {'blu': 0.2, 'ylw': 0.4, 'grn': 0.4}, 'Pose': [1.0, 0.0, 0.0, 0.0, 0.0, 1.0, 0.0, 0.0, 0.0, 0.0, 1.0, 0.0, 0.0, 0.0, 0.0, 1.0], 'Count': 5, 'Time': 1722308543.737087}, 'Object 4': {'Probability': {'blu': 0.5, 'ylw': 0.0, 'grn': 0.5}, 'Pose': [1.0, 0.0, 0.0, 0.0, 0.0, 1.0, 0.0, 0.0, 0.0, 0.0, 1.0, 0.0, 0.0, 0.0, 0.0, 1.0], 'Count': 2, 'Time': 1722308543.7502456}, 'Object 5': {'Probability': {'blu': 0.5, 'ylw': 0.0, 'grn': 0.5}, 'Pose': [1.0, 0.0, 0.0, 0.0, 0.0, 1.0, 0.0, 0.0, 0.0, 0.0, 1.0, 0.0, 0.0, 0.0, 0.0, 1.0], 'Count': 2, 'Time': 1722308543.763309}, 'Object 6': {'Probability': {'blu': 1.0, 'ylw': 0.0, 'grn': 0.0}, 'Pose': [1.0, 0.0, 0.0, 0.0, 0.0, 1.0, 0.0, 0.0, 0.0, 0.0, 1.0, 0.0, 0.0, 0.0, 0.0, 1.0], 'Count': 1, 'Time': 1722308543.7774174}}, 'cam': [[0.4082195763023803, -0.707083969954267, 0.5773985079277728, -0.4139569764799647], [-0.408215457502838, -0.7071295914211804, -0.5773455474776464, -0.5880603987447761], [0.8165273527440792, -1.9241303801148562e-05, -0.5773067484886335, 0.1404180447317286], [0.0, 0.0, 0.0, 1.0]]}
{'obs': {'Object 1': {'Probability': {'blu': 0.5, 'ylw': 0.25, 'grn': 0.25}, 'Pose': [1.0, 0.0, 0.0, 0.03899079987581645, 0.0, 1.0, 0.0, 0.05649804433119139, 0.0, 0.0, 1.0, 0.3532096745101164, 0.0, 0.0, 0.0, 1.0], 'Count': 4, 'Time': 1722308551.8074522}, 'Object 2': {'Probability': {'blu': 0.16666666666666666, 'ylw': 0.6666666666666666, 'grn': 0.16666666666666666}, 'Pose': [1.0, 0.0, 0.0, 0.10149774970878932, 0.0, 1.0, 0.0, 0.15244238454823916, 0.0, 0.0, 1.0, 0.4123272274552637, 0.0, 0.0, 0.0, 1.0], 'Count': 6, 'Time': 1722308551.820726}, 'Object 3': {'Probability': {'blu': 0.3333333333333333, 'ylw': 0.3333333333333333, 'grn': 0.3333333333333333}, 'Pose': [1.0, 0.0, 0.0, 0.0, 0.0, 1.0, 0.0, 0.0, 0.0, 0.0, 1.0, 0.0, 0.0, 0.0, 0.0, 1.0], 'Count': 6, 'Time': 1722308551.8337085}, 'Object 4': {'Probability': {'blu': 0.3333333333333333, 'ylw': 0.3333333333333333, 'grn': 0.3333333333333333}, 'Pose': [1.0, 0.0, 0.0, 0.30503650414061495, 0.0, 1.0, 0.0, 0.1685815460366772, 0.0, 0.0, 1.0, 0.3571552638160555, 0.0, 0.0, 0.0, 1.0], 'Count': 3, 'Time': 1722308551.8487504}, 'Object 5': {'Probability': {'blu': 0.3333333333333333, 'ylw': 0.3333333333333333, 'grn': 0.3333333333333333}, 'Pose': [1.0, 0.0, 0.0, 0.14382241889927613, 0.0, 1.0, 0.0, -0.17249174573015563, 0.0, 0.0, 1.0, 0.33975379110421344, 0.0, 0.0, 0.0, 1.0], 'Count': 3, 'Time': 1722308551.8621986}, 'Object 6': {'Probability': {'blu': 1.0, 'ylw': 0.0, 'grn': 0.0}, 'Pose': [1.0, 0.0, 0.0, 0.0, 0.0, 1.0, 0.0, 0.0, 0.0, 0.0, 1.0, 0.0, 0.0, 0.0, 0.0, 1.0], 'Count': 2, 'Time': 1722308551.8751736}, 'Object 7': {'Probability': {'blu': 1.0, 'ylw': 0.0, 'grn': 0.0}, 'Pose': [1.0, 0.0, 0.0, 0.0, 0.0, 1.0, 0.0, 0.0, 0.0, 0.0, 1.0, 0.0, 0.0, 0.0, 0.0, 1.0], 'Count': 1, 'Time': 1722308551.8881602}}, 'cam': [[0.5144743105573625, -0.7071048105983662, 0.48509686723908585, -0.4420087056606672], [-0.5144517810389374, -0.7071087514788225, -0.4851150158137004, -0.05994348263804669], [0.6860434015150881, 2.026597422090344e-05, -0.7275606165996741, 0.24650825961411352], [0.0, 0.0, 0.0, 1.0]]}
{'obs': {'Object 1': {'Probability': {'blu': 0.6, 'ylw': 0.2, 'grn': 0.2}, 'Pose': [1.0, 0.0, 0.0, 0.012481696398796696, 0.0, 1.0, 0.0, 0.019812130705348333, 0.0, 0.0, 1.0, 0.32763913006253154, 0.0, 0.0, 0.0, 1.0], 'Count': 5, 'Time': 1722308557.94498}, 'Object 2': {'Probability': {'blu': 0.2, 'ylw': 0.6, 'grn': 0.2}, 'Pose': [1.0, 0.0, 0.0, 0.07538473857888559, 0.0, 1.0, 0.0, 0.11683524723402601, 0.0, 0.0, 1.0, 0.3854374579349104, 0.0, 0.0, 0.0, 1.0], 'Count': 5, 'Time': 1722308557.9621382}, 'Object 3': {'Probability': {'blu': 0.6666666666666666, 'ylw': 0.0, 'grn': 0.3333333333333333}, 'Pose': [1.0, 0.0, 0.0, 0.0, 0.0, 1.0, 0.0, 0.0, 0.0, 0.0, 1.0, 0.0, 0.0, 0.0, 0.0, 1.0], 'Count': 3, 'Time': 1722308557.9786391}, 'Object 4': {'Probability': {'blu': 0.3333333333333333, 'ylw': 0.3333333333333333, 'grn': 0.3333333333333333}, 'Pose': [1.0, 0.0, 0.0, 0.0, 0.0, 1.0, 0.0, 0.0, 0.0, 0.0, 1.0, 0.0, 0.0, 0.0, 0.0, 1.0], 'Count': 3, 'Time': 1722308557.9953227}, 'Object 5': {'Probability': {'blu': 0.3333333333333333, 'ylw': 0.3333333333333333, 'grn': 0.3333333333333333}, 'Pose': [1.0, 0.0, 0.0, 0.0, 0.0, 1.0, 0.0, 0.0, 0.0, 0.0, 1.0, 0.0, 0.0, 0.0, 0.0, 1.0], 'Count': 3, 'Time': 1722308558.01098}, 'Object 6': {'Probability': {'blu': 0.3333333333333333, 'ylw': 0.3333333333333333, 'grn': 0.3333333333333333}, 'Pose': [1.0, 0.0, 0.0, 0.0, 0.0, 1.0, 0.0, 0.0, 0.0, 0.0, 1.0, 0.0, 0.0, 0.0, 0.0, 1.0], 'Count': 3, 'Time': 1722308558.026077}, 'Object 7': {'Probability': {'blu': 1.0, 'ylw': 0.0, 'grn': 0.0}, 'Pose': [1.0, 0.0, 0.0, 0.0, 0.0, 1.0, 0.0, 0.0, 0.0, 0.0, 1.0, 0.0, 0.0, 0.0, 0.0, 1.0], 'Count': 1, 'Time': 1722308558.042669}}, 'cam': [[0.5144482019529449, -0.7071066177149552, 0.48512192147036415, -0.4420098685312941], [-0.5144853238389006, -0.7071069436096485, -0.48508207743989357, -0.10998825956301228], [0.6860378262616162, -3.850633047754219e-05, -0.7275658729321344, 0.24651088528668774], [0.0, 0.0, 0.0, 1.0]]}
{'obs': {'Object 1': {'Probability': {'blu': 0.5, 'ylw': 0.16666666666666666, 'grn': 0.3333333333333333}, 'Pose': [1.0, 0.0, 0.0, -0.01362763792211802, 0.0, 1.0, 0.0, -0.015535210723620721, 0.0, 0.0, 1.0, 0.3011024735196679, 0.0, 0.0, 0.0, 1.0], 'Count': 6, 'Time': 1722308564.0704813}, 'Object 2': {'Probability': {'blu': 0.5, 'ylw': 0.0, 'grn': 0.5}, 'Pose': [1.0, 0.0, 0.0, 0.0, 0.0, 1.0, 0.0, 0.0, 0.0, 0.0, 1.0, 0.0, 0.0, 0.0, 0.0, 1.0], 'Count': 2, 'Time': 1722308564.0834165}, 'Object 3': {'Probability': {'blu': 0.16666666666666666, 'ylw': 0.6666666666666666, 'grn': 0.16666666666666666}, 'Pose': [1.0, 0.0, 0.0, 0.04975648366074711, 0.0, 1.0, 0.0, 0.08130945728109018, 0.0, 0.0, 1.0, 0.36177720810025593, 0.0, 0.0, 0.0, 1.0], 'Count': 6, 'Time': 1722308564.0966635}, 'Object 4': {'Probability': {'blu': 0.3333333333333333, 'ylw': 0.3333333333333333, 'grn': 0.3333333333333333}, 'Pose': [1.0, 0.0, 0.0, 0.0, 0.0, 1.0, 0.0, 0.0, 0.0, 0.0, 1.0, 0.0, 0.0, 0.0, 0.0, 1.0], 'Count': 3, 'Time': 1722308564.109665}, 'Object 5': {'Probability': {'blu': 1.0, 'ylw': 0.0, 'grn': 0.0}, 'Pose': [1.0, 0.0, 0.0, -0.014159557627302142, 0.0, 1.0, 0.0, -0.028963537504154813, 0.0, 0.0, 1.0, 0.3026031299268818, 0.0, 0.0, 0.0, 1.0], 'Count': 1, 'Time': 1722308564.122751}}, 'cam': [[0.5144486039572355, -0.7071278027792677, 0.48509061465154824, -0.442038781266644], [-0.5144718212639748, -0.7070857589280325, -0.485127276749615, -0.15999240499534453], [0.6860476506860006, 7.598267571892372e-06, -0.727556610120811, 0.2465063494886029], [0.0, 0.0, 0.0, 1.0]]}
{'obs': {'Object 1': {'Probability': {'blu': 0.6, 'ylw': 0.2, 'grn': 0.2}, 'Pose': [1.0, 0.0, 0.0, -0.03977002585690332, 0.0, 1.0, 0.0, -0.052454546777996575, 0.0, 0.0, 1.0, 0.27740434489852706, 0.0, 0.0, 0.0, 1.0], 'Count': 5, 'Time': 1722308570.22193}, 'Object 2': {'Probability': {'blu': 0.6666666666666666, 'ylw': 0.0, 'grn': 0.3333333333333333}, 'Pose': [1.0, 0.0, 0.0, 0.0, 0.0, 1.0, 0.0, 0.0, 0.0, 0.0, 1.0, 0.0, 0.0, 0.0, 0.0, 1.0], 'Count': 3, 'Time': 1722308570.2349238}, 'Object 3': {'Probability': {'blu': 0.16666666666666666, 'ylw': 0.6666666666666666, 'grn': 0.16666666666666666}, 'Pose': [1.0, 0.0, 0.0, 0.023315964213283944, 0.0, 1.0, 0.0, 0.04617652244751489, 0.0, 0.0, 1.0, 0.3376325799439576, 0.0, 0.0, 0.0, 1.0], 'Count': 6, 'Time': 1722308570.2483315}, 'Object 4': {'Probability': {'blu': 0.5, 'ylw': 0.0, 'grn': 0.5}, 'Pose': [1.0, 0.0, 0.0, -0.03865417330857059, 0.0, 1.0, 0.0, -0.039584507198275304, 0.0, 0.0, 1.0, 0.26834941758612674, 0.0, 0.0, 0.0, 1.0], 'Count': 2, 'Time': 1722308570.2615058}, 'Object 5': {'Probability': {'blu': 0.3333333333333333, 'ylw': 0.3333333333333333, 'grn': 0.3333333333333333}, 'Pose': [1.0, 0.0, 0.0, 0.1138003769861382, 0.0, 1.0, 0.0, 0.021341013849124377, 0.0, 0.0, 1.0, 0.11436666548252106, 0.0, 0.0, 0.0, 1.0], 'Count': 3, 'Time': 1722308570.2746403}, 'Object 6': {'Probability': {'blu': 0.5, 'ylw': 0.0, 'grn': 0.5}, 'Pose': [1.0, 0.0, 0.0, 0.0, 0.0, 1.0, 0.0, 0.0, 0.0, 0.0, 1.0, 0.0, 0.0, 0.0, 0.0, 1.0], 'Count': 2, 'Time': 1722308570.287734}, 'Object 7': {'Probability': {'blu': 1.0, 'ylw': 0.0, 'grn': 0.0}, 'Pose': [1.0, 0.0, 0.0, 0.1867611239319227, 0.0, 1.0, 0.0, 0.09615002944438311, 0.0, 0.0, 1.0, 0.2095891318243483, 0.0, 0.0, 0.0, 1.0], 'Count': 1, 'Time': 1722308570.3008537}}, 'cam': [[0.5144104588946706, -0.7071290715388394, 0.4851292157398823, -0.4420091206988235], [-0.514520306568499, -0.7070844856301625, -0.4850777095577429, -0.20999206967012252], [0.6860398923593524, -7.978563464562698e-05, -0.727563921401976, 0.24653528693421284], [0.0, 0.0, 0.0, 1.0]]}
{'obs': {'Object 1': {'Probability': {'blu': 0.5714285714285714, 'ylw': 0.14285714285714285, 'grn': 0.2857142857142857}, 'Pose': [1.0, 0.0, 0.0, -0.06572045617126832, 0.0, 1.0, 0.0, -0.08678988982751565, 0.0, 0.0, 1.0, 0.2522526676378452, 0.0, 0.0, 0.0, 1.0], 'Count': 7, 'Time': 1722308576.3878548}, 'Object 2': {'Probability': {'blu': 0.16666666666666666, 'ylw': 0.6666666666666666, 'grn': 0.16666666666666666}, 'Pose': [1.0, 0.0, 0.0, -0.0024178500113136363, 0.0, 1.0, 0.0, 0.009861520997810621, 0.0, 0.0, 1.0, 0.3119379761195997, 0.0, 0.0, 0.0, 1.0], 'Count': 6, 'Time': 1722308576.4010775}, 'Object 3': {'Probability': {'blu': 0.5, 'ylw': 0.0, 'grn': 0.5}, 'Pose': [1.0, 0.0, 0.0, 0.0, 0.0, 1.0, 0.0, 0.0, 0.0, 0.0, 1.0, 0.0, 0.0, 0.0, 0.0, 1.0], 'Count': 2, 'Time': 1722308576.4142604}, 'Object 4': {'Probability': {'blu': 0.5, 'ylw': 0.25, 'grn': 0.25}, 'Pose': [1.0, 0.0, 0.0, 0.0, 0.0, 1.0, 0.0, 0.0, 0.0, 0.0, 1.0, 0.0, 0.0, 0.0, 0.0, 1.0], 'Count': 4, 'Time': 1722308576.427288}, 'Object 5': {'Probability': {'blu': 0.5, 'ylw': 0.5, 'grn': 0.0}, 'Pose': [1.0, 0.0, 0.0, 0.0, 0.0, 1.0, 0.0, 0.0, 0.0, 0.0, 1.0, 0.0, 0.0, 0.0, 0.0, 1.0], 'Count': 2, 'Time': 1722308576.4403446}, 'Object 6': {'Probability': {'blu': 0.5, 'ylw': 0.0, 'grn': 0.5}, 'Pose': [1.0, 0.0, 0.0, -0.06305099080159642, 0.0, 1.0, 0.0, -0.07189169377277771, 0.0, 0.0, 1.0, 0.2507622429607813, 0.0, 0.0, 0.0, 1.0], 'Count': 2, 'Time': 1722308576.4533606}, 'Object 7': {'Probability': {'blu': 1.0, 'ylw': 0.0, 'grn': 0.0}, 'Pose': [1.0, 0.0, 0.0, 0.0, 0.0, 1.0, 0.0, 0.0, 0.0, 0.0, 1.0, 0.0, 0.0, 0.0, 0.0, 1.0], 'Count': 1, 'Time': 1722308576.4662225}}, 'cam': [[0.5144237519701128, -0.7070916714877555, 0.4851696316976606, -0.4419836274295071], [-0.5144596972071223, -0.70712188804196, -0.48508747190741736, -0.26001433271430985], [0.6860753773154575, -5.97044849592197e-05, -0.727530461958004, 0.24651059438026762], [0.0, 0.0, 0.0, 1.0]]}
{'obs': {'Object 1': {'Probability': {'blu': 0.4444444444444444, 'ylw': 0.1111111111111111, 'grn': 0.4444444444444444}, 'Pose': [1.0, 0.0, 0.0, -0.09141494691579967, 0.0, 1.0, 0.0, -0.11343383676313548, 0.0, 0.0, 1.0, 0.23000006604660714, 0.0, 0.0, 0.0, 1.0], 'Count': 9, 'Time': 1722308582.4854283}, 'Object 2': {'Probability': {'blu': 0.2, 'ylw': 0.6, 'grn': 0.2}, 'Pose': [1.0, 0.0, 0.0, -0.02856591515007581, 0.0, 1.0, 0.0, -0.026289660590443423, 0.0, 0.0, 1.0, 0.28668715417662943, 0.0, 0.0, 0.0, 1.0], 'Count': 5, 'Time': 1722308582.4987848}, 'Object 3': {'Probability': {'blu': 0.5, 'ylw': 0.25, 'grn': 0.25}, 'Pose': [1.0, 0.0, 0.0, 0.0, 0.0, 1.0, 0.0, 0.0, 0.0, 0.0, 1.0, 0.0, 0.0, 0.0, 0.0, 1.0], 'Count': 4, 'Time': 1722308582.511915}, 'Object 4': {'Probability': {'blu': 1.0, 'ylw': 0.0, 'grn': 0.0}, 'Pose': [1.0, 0.0, 0.0, 0.0, 0.0, 1.0, 0.0, 0.0, 0.0, 0.0, 1.0, 0.0, 0.0, 0.0, 0.0, 1.0], 'Count': 1, 'Time': 1722308582.525111}}, 'cam': [[0.5145162224816394, -0.7070774498949125, 0.485092297045966, -0.4419952661005833], [-0.5144382502153149, -0.7071361103258967, -0.48508948472273244, -0.3099803155297214], [0.6860221159107257, 3.637675985056173e-05, -0.7275806863558861, 0.24652048869295626], [0.0, 0.0, 0.0, 1.0]]}
{'obs': {'Object 1': {'Probability': {'blu': 0.125, 'ylw': 0.5, 'grn': 0.375}, 'Pose': [1.0, 0.0, 0.0, -0.055132000466044565, 0.0, 1.0, 0.0, -0.06197633628676329, 0.0, 0.0, 1.0, 0.2629934472969402, 0.0, 0.0, 0.0, 1.0], 'Count': 8, 'Time': 1722308588.6714873}, 'Object 2': {'Probability': {'blu': 0.4, 'ylw': 0.4, 'grn': 0.2}, 'Pose': [1.0, 0.0, 0.0, 0.0, 0.0, 1.0, 0.0, 0.0, 0.0, 0.0, 1.0, 0.0, 0.0, 0.0, 0.0, 1.0], 'Count': 5, 'Time': 1722308588.686435}, 'Object 3': {'Probability': {'blu': 0.5, 'ylw': 0.0, 'grn': 0.5}, 'Pose': [1.0, 0.0, 0.0, 0.0, 0.0, 1.0, 0.0, 0.0, 0.0, 0.0, 1.0, 0.0, 0.0, 0.0, 0.0, 1.0], 'Count': 2, 'Time': 1722308588.7030025}, 'Object 4': {'Probability': {'blu': 1.0, 'ylw': 0.0, 'grn': 0.0}, 'Pose': [1.0, 0.0, 0.0, 0.0, 0.0, 1.0, 0.0, 0.0, 0.0, 0.0, 1.0, 0.0, 0.0, 0.0, 0.0, 1.0], 'Count': 2, 'Time': 1722308588.7197506}, 'Object 5': {'Probability': {'blu': 0.3333333333333333, 'ylw': 0.3333333333333333, 'grn': 0.3333333333333333}, 'Pose': [1.0, 0.0, 0.0, 0.0, 0.0, 1.0, 0.0, 0.0, 0.0, 0.0, 1.0, 0.0, 0.0, 0.0, 0.0, 1.0], 'Count': 3, 'Time': 1722308588.7345889}, 'Object 6': {'Probability': {'blu': 0.5, 'ylw': 0.5, 'grn': 0.0}, 'Pose': [1.0, 0.0, 0.0, 0.0, 0.0, 1.0, 0.0, 0.0, 0.0, 0.0, 1.0, 0.0, 0.0, 0.0, 0.0, 1.0], 'Count': 2, 'Time': 1722308588.7491064}, 'Object 7': {'Probability': {'blu': 1.0, 'ylw': 0.0, 'grn': 0.0}, 'Pose': [1.0, 0.0, 0.0, 0.0, 0.0, 1.0, 0.0, 0.0, 0.0, 0.0, 1.0, 0.0, 0.0, 0.0, 0.0, 1.0], 'Count': 1, 'Time': 1722308588.763116}}, 'cam': [[0.5144556188010851, -0.7071448118997702, 0.48505837925679757, -0.4419949590135285], [-0.5145165420138985, -0.7070687484043956, -0.4851046413135027, -0.3599765241539585], [0.6860088514575109, -5.751539857032734e-06, -0.7275931938170302, 0.24654634091555863], [0.0, 0.0, 0.0, 1.0]]}
{'obs': {'Object 1': {'Probability': {'blu': 0.2, 'ylw': 0.4, 'grn': 0.4}, 'Pose': [1.0, 0.0, 0.0, -0.08002944651957661, 0.0, 1.0, 0.0, -0.09646720104595002, 0.0, 0.0, 1.0, 0.2392781317659028, 0.0, 0.0, 0.0, 1.0], 'Count': 5, 'Time': 1722308594.9161897}, 'Object 2': {'Probability': {'blu': 0.3333333333333333, 'ylw': 0.3333333333333333, 'grn': 0.3333333333333333}, 'Pose': [1.0, 0.0, 0.0, 0.0, 0.0, 1.0, 0.0, 0.0, 0.0, 0.0, 1.0, 0.0, 0.0, 0.0, 0.0, 1.0], 'Count': 3, 'Time': 1722308594.9328353}, 'Object 3': {'Probability': {'blu': 0.6666666666666666, 'ylw': 0.0, 'grn': 0.3333333333333333}, 'Pose': [1.0, 0.0, 0.0, 0.0, 0.0, 1.0, 0.0, 0.0, 0.0, 0.0, 1.0, 0.0, 0.0, 0.0, 0.0, 1.0], 'Count': 3, 'Time': 1722308594.9494884}, 'Object 4': {'Probability': {'blu': 0.5, 'ylw': 0.5, 'grn': 0.0}, 'Pose': [1.0, 0.0, 0.0, 0.0, 0.0, 1.0, 0.0, 0.0, 0.0, 0.0, 1.0, 0.0, 0.0, 0.0, 0.0, 1.0], 'Count': 2, 'Time': 1722308594.9639432}, 'Object 5': {'Probability': {'blu': 0.5, 'ylw': 0.5, 'grn': 0.0}, 'Pose': [1.0, 0.0, 0.0, 0.0, 0.0, 1.0, 0.0, 0.0, 0.0, 0.0, 1.0, 0.0, 0.0, 0.0, 0.0, 1.0], 'Count': 2, 'Time': 1722308594.9810252}, 'Object 6': {'Probability': {'blu': 0.3333333333333333, 'ylw': 0.3333333333333333, 'grn': 0.3333333333333333}, 'Pose': [1.0, 0.0, 0.0, 0.0, 0.0, 1.0, 0.0, 0.0, 0.0, 0.0, 1.0, 0.0, 0.0, 0.0, 0.0, 1.0], 'Count': 3, 'Time': 1722308594.9978952}, 'Object 7': {'Probability': {'blu': 1.0, 'ylw': 0.0, 'grn': 0.0}, 'Pose': [1.0, 0.0, 0.0, 0.0, 0.0, 1.0, 0.0, 0.0, 0.0, 0.0, 1.0, 0.0, 0.0, 0.0, 0.0, 1.0], 'Count': 1, 'Time': 1722308595.0147088}}, 'cam': [[0.5144585700862349, -0.7071294527155819, 0.48507763993714265, -0.4420213454389694], [-0.5145038058677895, -0.707084108817955, -0.485095760448056, -0.4100046157797485], [0.6860161903427543, -1.262061402372598e-05, -0.7275862742165592, 0.24652877492450515], [0.0, 0.0, 0.0, 1.0]]}
{'obs': {'Object 1': {'Probability': {'blu': 0.3333333333333333, 'ylw': 0.3333333333333333, 'grn': 0.3333333333333333}, 'Pose': [1.0, 0.0, 0.0, 0.0, 0.0, 1.0, 0.0, 0.0, 0.0, 0.0, 1.0, 0.0, 0.0, 0.0, 0.0, 1.0], 'Count': 3, 'Time': 1722308601.1091073}, 'Object 2': {'Probability': {'blu': 0.3333333333333333, 'ylw': 0.3333333333333333, 'grn': 0.3333333333333333}, 'Pose': [1.0, 0.0, 0.0, 0.0, 0.0, 1.0, 0.0, 0.0, 0.0, 0.0, 1.0, 0.0, 0.0, 0.0, 0.0, 1.0], 'Count': 3, 'Time': 1722308601.1224017}, 'Object 3': {'Probability': {'blu': 0.5, 'ylw': 0.5, 'grn': 0.0}, 'Pose': [1.0, 0.0, 0.0, 0.0, 0.0, 1.0, 0.0, 0.0, 0.0, 0.0, 1.0, 0.0, 0.0, 0.0, 0.0, 1.0], 'Count': 2, 'Time': 1722308601.1357086}, 'Object 4': {'Probability': {'blu': 0.3333333333333333, 'ylw': 0.3333333333333333, 'grn': 0.3333333333333333}, 'Pose': [1.0, 0.0, 0.0, -0.10930111009062166, 0.0, 1.0, 0.0, -0.11985501677482849, 0.0, 0.0, 1.0, 0.22627139665894003, 0.0, 0.0, 0.0, 1.0], 'Count': 3, 'Time': 1722308601.1490443}, 'Object 5': {'Probability': {'blu': 0.5, 'ylw': 0.5, 'grn': 0.0}, 'Pose': [1.0, 0.0, 0.0, 0.0, 0.0, 1.0, 0.0, 0.0, 0.0, 0.0, 1.0, 0.0, 0.0, 0.0, 0.0, 1.0], 'Count': 2, 'Time': 1722308601.162077}, 'Object 6': {'Probability': {'blu': 0.5, 'ylw': 0.0, 'grn': 0.5}, 'Pose': [1.0, 0.0, 0.0, 0.24521587773235964, 0.0, 1.0, 0.0, 0.08368438480865213, 0.0, 0.0, 1.0, 0.2836684216009943, 0.0, 0.0, 0.0, 1.0], 'Count': 2, 'Time': 1722308601.1763804}, 'Object 7': {'Probability': {'blu': 0.3333333333333333, 'ylw': 0.3333333333333333, 'grn': 0.3333333333333333}, 'Pose': [1.0, 0.0, 0.0, 0.10460749285130579, 0.0, 1.0, 0.0, 0.00027070266312084475, 0.0, 0.0, 1.0, 0.10546354142328103, 0.0, 0.0, 0.0, 1.0], 'Count': 3, 'Time': 1722308601.1899931}, 'Object 8': {'Probability': {'blu': 1.0, 'ylw': 0.0, 'grn': 0.0}, 'Pose': [1.0, 0.0, 0.0, 0.0, 0.0, 1.0, 0.0, 0.0, 0.0, 0.0, 1.0, 0.0, 0.0, 0.0, 0.0, 1.0], 'Count': 2, 'Time': 1722308601.2031415}, 'Object 9': {'Probability': {'blu': 1.0, 'ylw': 0.0, 'grn': 0.0}, 'Pose': [1.0, 0.0, 0.0, 0.0, 0.0, 1.0, 0.0, 0.0, 0.0, 0.0, 1.0, 0.0, 0.0, 0.0, 0.0, 1.0], 'Count': 1, 'Time': 1722308601.2162952}}, 'cam': [[0.5143960587269879, -0.707117036947815, 0.48516202533203645, -0.44200267867216925], [-0.5145085197533341, -0.7070965181309449, -0.48507267202794174, -0.4599940256779821], [0.6860595293903977, -0.00010052480677368063, -0.7275454020385184, 0.24648468818625663], [0.0, 0.0, 0.0, 1.0]]}
{'obs': {'Object 1': {'Probability': {'blu': 0.4, 'ylw': 0.2, 'grn': 0.4}, 'Pose': [1.0, 0.0, 0.0, 0.0, 0.0, 1.0, 0.0, 0.0, 0.0, 0.0, 1.0, 0.0, 0.0, 0.0, 0.0, 1.0], 'Count': 5, 'Time': 1722308607.28337}, 'Object 2': {'Probability': {'blu': 0.3333333333333333, 'ylw': 0.3333333333333333, 'grn': 0.3333333333333333}, 'Pose': [1.0, 0.0, 0.0, 0.0, 0.0, 1.0, 0.0, 0.0, 0.0, 0.0, 1.0, 0.0, 0.0, 0.0, 0.0, 1.0], 'Count': 3, 'Time': 1722308607.2994328}, 'Object 3': {'Probability': {'blu': 1.0, 'ylw': 0.0, 'grn': 0.0}, 'Pose': [1.0, 0.0, 0.0, 0.0, 0.0, 1.0, 0.0, 0.0, 0.0, 0.0, 1.0, 0.0, 0.0, 0.0, 0.0, 1.0], 'Count': 1, 'Time': 1722308607.3139307}}, 'cam': [[0.5144373935439798, -0.7071305825924535, 0.48509845112732897, -0.44202082933100434], [-0.5145597198062735, -0.7070829732026701, -0.48503810547189086, -0.5099633731326545], [0.6859901332210001, -9.038434206622185e-05, -0.7276108361989294, 0.24649426076691178], [0.0, 0.0, 0.0, 1.0]]}
{'obs': {'Object 1': {'Probability': {'blu': 0.5, 'ylw': 0.25, 'grn': 0.25}, 'Pose': [1.0, 0.0, 0.0, 0.0, 0.0, 1.0, 0.0, 0.0, 0.0, 0.0, 1.0, 0.0, 0.0, 0.0, 0.0, 1.0], 'Count': 4, 'Time': 1722308613.40548}, 'Object 2': {'Probability': {'blu': 0.6666666666666666, 'ylw': 0.0, 'grn': 0.3333333333333333}, 'Pose': [1.0, 0.0, 0.0, 0.0, 0.0, 1.0, 0.0, 0.0, 0.0, 0.0, 1.0, 0.0, 0.0, 0.0, 0.0, 1.0], 'Count': 3, 'Time': 1722308613.4188526}, 'Object 3': {'Probability': {'blu': 0.3333333333333333, 'ylw': 0.3333333333333333, 'grn': 0.3333333333333333}, 'Pose': [1.0, 0.0, 0.0, 0.1950480808281322, 0.0, 1.0, 0.0, 0.019363159328776268, 0.0, 0.0, 1.0, 0.1962749995291233, 0.0, 0.0, 0.0, 1.0], 'Count': 3, 'Time': 1722308613.434172}, 'Object 4': {'Probability': {'blu': 0.5, 'ylw': 0.0, 'grn': 0.5}, 'Pose': [1.0, 0.0, 0.0, 0.0, 0.0, 1.0, 0.0, 0.0, 0.0, 0.0, 1.0, 0.0, 0.0, 0.0, 0.0, 1.0], 'Count': 2, 'Time': 1722308613.4495225}, 'Object 5': {'Probability': {'blu': 0.3333333333333333, 'ylw': 0.3333333333333333, 'grn': 0.3333333333333333}, 'Pose': [1.0, 0.0, 0.0, 0.0, 0.0, 1.0, 0.0, 0.0, 0.0, 0.0, 1.0, 0.0, 0.0, 0.0, 0.0, 1.0], 'Count': 3, 'Time': 1722308613.4637468}, 'Object 6': {'Probability': {'blu': 1.0, 'ylw': 0.0, 'grn': 0.0}, 'Pose': [1.0, 0.0, 0.0, 0.0, 0.0, 1.0, 0.0, 0.0, 0.0, 0.0, 1.0, 0.0, 0.0, 0.0, 0.0, 1.0], 'Count': 1, 'Time': 1722308613.4767473}}, 'cam': [[0.5144874725121595, -0.7071332692524395, 0.48504142106051784, -0.44203860090022895], [-0.5144782082212446, -0.7070802904110145, -0.48512847388885794, -0.5599659623908009], [0.686013712613317, 4.928115445816635e-05, -0.7275886088153531, 0.2465359614488492], [0.0, 0.0, 0.0, 1.0]]}
