[['grn', [[1.0, 0.0, 0.0, -0.286], [0.0, 1.0, 0.0, -0.291], [0.0, 0.0, 1.0, 0.0125], [0.0, 0.0, 0.0, 1.0]]], ['ylw', [[1.0, 0.0, 0.0, -0.297], [0.0, 1.0, 0.0, -0.413], [0.0, 0.0, 1.0, 0.0125], [0.0, 0.0, 0.0, 1.0]]], ['NOT', [[1.0, 0.0, 0.0, -0.304], [0.0, 1.0, 0.0, -0.537], [0.0, 0.0, 1.0, 0.0125], [0.0, 0.0, 0.0, 1.0]]]]
{'obs': {'Object 1': {'Probability': {'blu': 0.2, 'ylw': 0.2, 'grn': 0.6}, 'Pose': [1.0, 0.0, 0.0, 0.03256089680729767, 0.0, 1.0, 0.0, 0.05556382669402325, 0.0, 0.0, 1.0, 0.25352304325289543, 0.0, 0.0, 0.0, 1.0], 'Count': 5, 'Time': 1722308999.5224476}, 'Object 2': {'Probability': {'blu': 0.4, 'ylw': 0.2, 'grn': 0.4}, 'Pose': [1.0, 0.0, 0.0, 0.0, 0.0, 1.0, 0.0, 0.0, 0.0, 0.0, 1.0, 0.0, 0.0, 0.0, 0.0, 1.0], 'Count': 5, 'Time': 1722308999.535846}, 'Object 3': {'Probability': {'blu': 0.5, 'ylw': 0.0, 'grn': 0.5}, 'Pose': [1.0, 0.0, 0.0, 0.1456414855334126, 0.0, 1.0, 0.0, 0.034725670243575917, 0.0, 0.0, 1.0, 0.16032210577998246, 0.0, 0.0, 0.0, 1.0], 'Count': 2, 'Time': 1722308999.549585}, 'Object 4': {'Probability': {'blu': 0.2, 'ylw': 0.6, 'grn': 0.2}, 'Pose': [1.0, 0.0, 0.0, 0.08107171630787986, 0.0, 1.0, 0.0, 0.1476210388139039, 0.0, 0.0, 1.0, 0.3222877914352785, 0.0, 0.0, 0.0, 1.0], 'Count': 5, 'Time': 1722308999.5639384}, 'Object 5': {'Probability': {'blu': 0.3333333333333333, 'ylw': 0.3333333333333333, 'grn': 0.3333333333333333}, 'Pose': [1.0, 0.0, 0.0, 0.0, 0.0, 1.0, 0.0, 0.0, 0.0, 0.0, 1.0, 0.0, 0.0, 0.0, 0.0, 1.0], 'Count': 3, 'Time': 1722308999.5772884}, 'Object 6': {'Probability': {'blu': 0.5, 'ylw': 0.0, 'grn': 0.5}, 'Pose': [1.0, 0.0, 0.0, 0.09602303400290188, 0.0, 1.0, 0.0, -0.011550630977258789, 0.0, 0.0, 1.0, 0.10462799817323684, 0.0, 0.0, 0.0, 1.0], 'Count': 2, 'Time': 1722308999.590669}, 'Object 7': {'Probability': {'blu': 0.3333333333333333, 'ylw': 0.3333333333333333, 'grn': 0.3333333333333333}, 'Pose': [1.0, 0.0, 0.0, 0.0, 0.0, 1.0, 0.0, 0.0, 0.0, 0.0, 1.0, 0.0, 0.0, 0.0, 0.0, 1.0], 'Count': 3, 'Time': 1722308999.603921}, 'Object 8': {'Probability': {'blu': 1.0, 'ylw': 0.0, 'grn': 0.0}, 'Pose': [1.0, 0.0, 0.0, 0.09517669650362269, 0.0, 1.0, 0.0, 0.04050953018700496, 0.0, 0.0, 1.0, 0.09621953499871631, 0.0, 0.0, 0.0, 1.0], 'Count': 1, 'Time': 1722308999.6174722}}, 'cam': [[0.408171276642381, -0.7071787439653814, 0.577316579536457, -0.4139329482403271], [-0.40826419190524027, -0.7070348110321023, -0.5774271604252444, -0.08800011503467318], [0.8165271327592797, -8.50557919195864e-06, -0.5773070598871668, 0.14048003391988556], [0.0, 0.0, 0.0, 1.0]]}
{'obs': {'Object 1': {'Probability': {'blu': 0.2, 'ylw': 0.2, 'grn': 0.6}, 'Pose': [1.0, 0.0, 0.0, 0.011848351963429959, 0.0, 1.0, 0.0, 0.019267111392890706, 0.0, 0.0, 1.0, 0.22407770295379947, 0.0, 0.0, 0.0, 1.0], 'Count': 5, 'Time': 1722309005.7053773}, 'Object 2': {'Probability': {'blu': 0.2, 'ylw': 0.6, 'grn': 0.2}, 'Pose': [1.0, 0.0, 0.0, 0.06451527554229623, 0.0, 1.0, 0.0, 0.11584902581537197, 0.0, 0.0, 1.0, 0.29787575498328106, 0.0, 0.0, 0.0, 1.0], 'Count': 5, 'Time': 1722309005.718546}, 'Object 3': {'Probability': {'blu': 0.5, 'ylw': 0.0, 'grn': 0.5}, 'Pose': [1.0, 0.0, 0.0, 0.12293809501773839, 0.0, 1.0, 0.0, 0.02988816428341535, 0.0, 0.0, 1.0, 0.12713361725126957, 0.0, 0.0, 0.0, 1.0], 'Count': 2, 'Time': 1722309005.7318485}, 'Object 4': {'Probability': {'blu': 0.4, 'ylw': 0.2, 'grn': 0.4}, 'Pose': [1.0, 0.0, 0.0, 0.0, 0.0, 1.0, 0.0, 0.0, 0.0, 0.0, 1.0, 0.0, 0.0, 0.0, 0.0, 1.0], 'Count': 5, 'Time': 1722309005.744863}, 'Object 5': {'Probability': {'blu': 0.5, 'ylw': 0.25, 'grn': 0.25}, 'Pose': [1.0, 0.0, 0.0, 0.0, 0.0, 1.0, 0.0, 0.0, 0.0, 0.0, 1.0, 0.0, 0.0, 0.0, 0.0, 1.0], 'Count': 4, 'Time': 1722309005.7594473}, 'Object 6': {'Probability': {'blu': 1.0, 'ylw': 0.0, 'grn': 0.0}, 'Pose': [1.0, 0.0, 0.0, 0.09209459089968085, 0.0, 1.0, 0.0, 0.049272412773344126, 0.0, 0.0, 1.0, 0.09301323509391617, 0.0, 0.0, 0.0, 1.0], 'Count': 1, 'Time': 1722309005.7756732}}, 'cam': [[0.40814776601249586, -0.707172573258875, 0.5773407596293805, -0.4139698035998964], [-0.4082868981014653, -0.7070409808762708, -0.5774035505607884, -0.1380372270257693], [0.8165275316470921, -5.4698647554191106e-05, -0.5773064931822307, 0.14046100782016246], [0.0, 0.0, 0.0, 1.0]]}
{'obs': {'Object 1': {'Probability': {'blu': 0.4, 'ylw': 0.2, 'grn': 0.4}, 'Pose': [1.0, 0.0, 0.0, -0.008477289420328014, 0.0, 1.0, 0.0, -0.018660589160463606, 0.0, 0.0, 1.0, 0.19598762703746725, 0.0, 0.0, 0.0, 1.0], 'Count': 5, 'Time': 1722309012.1573434}, 'Object 2': {'Probability': {'blu': 0.25, 'ylw': 0.5, 'grn': 0.25}, 'Pose': [1.0, 0.0, 0.0, 0.0428069182983046, 0.0, 1.0, 0.0, 0.0797699988824873, 0.0, 0.0, 1.0, 0.26707665414360493, 0.0, 0.0, 0.0, 1.0], 'Count': 4, 'Time': 1722309012.174263}, 'Object 3': {'Probability': {'blu': 0.5, 'ylw': 0.25, 'grn': 0.25}, 'Pose': [1.0, 0.0, 0.0, 0.0, 0.0, 1.0, 0.0, 0.0, 0.0, 0.0, 1.0, 0.0, 0.0, 0.0, 0.0, 1.0], 'Count': 4, 'Time': 1722309012.190209}, 'Object 4': {'Probability': {'blu': 0.5, 'ylw': 0.0, 'grn': 0.5}, 'Pose': [1.0, 0.0, 0.0, 0.22344601231354638, 0.0, 1.0, 0.0, 0.05209701150648064, 0.0, 0.0, 1.0, 0.26468194816208157, 0.0, 0.0, 0.0, 1.0], 'Count': 2, 'Time': 1722309012.2050288}, 'Object 5': {'Probability': {'blu': 0.3333333333333333, 'ylw': 0.3333333333333333, 'grn': 0.3333333333333333}, 'Pose': [1.0, 0.0, 0.0, 0.33078083700808564, 0.0, 1.0, 0.0, -0.0011858859636582836, 0.0, 0.0, 1.0, 0.4337407416767544, 0.0, 0.0, 0.0, 1.0], 'Count': 3, 'Time': 1722309012.2187715}, 'Object 6': {'Probability': {'blu': 0.5, 'ylw': 0.0, 'grn': 0.5}, 'Pose': [1.0, 0.0, 0.0, 0.09538251675320034, 0.0, 1.0, 0.0, -0.012349515434686589, 0.0, 0.0, 1.0, 0.1036447371895376, 0.0, 0.0, 0.0, 1.0], 'Count': 2, 'Time': 1722309012.2326338}, 'Object 7': {'Probability': {'blu': 1.0, 'ylw': 0.0, 'grn': 0.0}, 'Pose': [1.0, 0.0, 0.0, 0.0, 0.0, 1.0, 0.0, 0.0, 0.0, 0.0, 1.0, 0.0, 0.0, 0.0, 0.0, 1.0], 'Count': 1, 'Time': 1722309012.2469468}}, 'cam': [[0.4082106509713274, -0.7071091841687972, 0.5773739395727029, -0.41395603848223533], [-0.4082650927854407, -0.7071043767804943, -0.5773413326194171, -0.1880431795321486], [0.816506998406297, -4.4743790318929646e-05, -0.5773355346343515, 0.1404531896537818], [0.0, 0.0, 0.0, 1.0]]}
{'obs': {'Object 1': {'Probability': {'blu': 0.25, 'ylw': 0.25, 'grn': 0.5}, 'Pose': [1.0, 0.0, 0.0, -0.029006771768616834, 0.0, 1.0, 0.0, -0.05407376602058088, 0.0, 0.0, 1.0, 0.16775307817607582, 0.0, 0.0, 0.0, 1.0], 'Count': 4, 'Time': 1722309018.4118645}, 'Object 2': {'Probability': {'blu': 0.2, 'ylw': 0.6, 'grn': 0.2}, 'Pose': [1.0, 0.0, 0.0, 0.021182841247450276, 0.0, 1.0, 0.0, 0.04351216165292375, 0.0, 0.0, 1.0, 0.2376321375439858, 0.0, 0.0, 0.0, 1.0], 'Count': 5, 'Time': 1722309018.4258182}, 'Object 3': {'Probability': {'blu': 0.5, 'ylw': 0.0, 'grn': 0.5}, 'Pose': [1.0, 0.0, 0.0, 0.1535591417555108, 0.0, 1.0, 0.0, 0.036125646757826584, 0.0, 0.0, 1.0, 0.17033333131143835, 0.0, 0.0, 0.0, 1.0], 'Count': 2, 'Time': 1722309018.4397764}, 'Object 4': {'Probability': {'blu': 0.5, 'ylw': 0.25, 'grn': 0.25}, 'Pose': [1.0, 0.0, 0.0, 0.0, 0.0, 1.0, 0.0, 0.0, 0.0, 0.0, 1.0, 0.0, 0.0, 0.0, 0.0, 1.0], 'Count': 4, 'Time': 1722309018.452918}, 'Object 5': {'Probability': {'blu': 1.0, 'ylw': 0.0, 'grn': 0.0}, 'Pose': [1.0, 0.0, 0.0, 0.0, 0.0, 1.0, 0.0, 0.0, 0.0, 0.0, 1.0, 0.0, 0.0, 0.0, 0.0, 1.0], 'Count': 1, 'Time': 1722309018.466327}}, 'cam': [[0.4084016512982027, -0.7071001879421006, 0.5772498726107673, -0.41399856382863076], [-0.4082866966303779, -0.7071133682573751, -0.5773150420579416, -0.23802571640287468], [0.8164006764889127, 9.297287719778887e-05, -0.5774858671729464, 0.14050346300621924], [0.0, 0.0, 0.0, 1.0]]}
{'obs': {'Object 1': {'Probability': {'blu': 0.2, 'ylw': 0.6, 'grn': 0.2}, 'Pose': [1.0, 0.0, 0.0, 0.0014605670642661884, 0.0, 1.0, 0.0, 0.007781540546818056, 0.0, 0.0, 1.0, 0.2090149685168804, 0.0, 0.0, 0.0, 1.0], 'Count': 5, 'Time': 1722309024.5198019}, 'Object 2': {'Probability': {'blu': 0.25, 'ylw': 0.25, 'grn': 0.5}, 'Pose': [1.0, 0.0, 0.0, -0.05019717981955011, 0.0, 1.0, 0.0, -0.07830513118575519, 0.0, 0.0, 1.0, 0.15415249808753048, 0.0, 0.0, 0.0, 1.0], 'Count': 4, 'Time': 1722309024.533503}, 'Object 3': {'Probability': {'blu': 0.5, 'ylw': 0.0, 'grn': 0.5}, 'Pose': [1.0, 0.0, 0.0, 0.19815799710552984, 0.0, 1.0, 0.0, 0.05046996366555936, 0.0, 0.0, 1.0, 0.22994972265996108, 0.0, 0.0, 0.0, 1.0], 'Count': 2, 'Time': 1722309024.5467832}, 'Object 4': {'Probability': {'blu': 0.4, 'ylw': 0.4, 'grn': 0.2}, 'Pose': [1.0, 0.0, 0.0, 0.0, 0.0, 1.0, 0.0, 0.0, 0.0, 0.0, 1.0, 0.0, 0.0, 0.0, 0.0, 1.0], 'Count': 5, 'Time': 1722309024.5609736}, 'Object 5': {'Probability': {'blu': 0.3333333333333333, 'ylw': 0.3333333333333333, 'grn': 0.3333333333333333}, 'Pose': [1.0, 0.0, 0.0, 0.0, 0.0, 1.0, 0.0, 0.0, 0.0, 0.0, 1.0, 0.0, 0.0, 0.0, 0.0, 1.0], 'Count': 3, 'Time': 1722309024.5747938}, 'Object 6': {'Probability': {'blu': 0.5, 'ylw': 0.0, 'grn': 0.5}, 'Pose': [1.0, 0.0, 0.0, 0.09453251323246807, 0.0, 1.0, 0.0, -0.013438114264787812, 0.0, 0.0, 1.0, 0.1026760020852089, 0.0, 0.0, 0.0, 1.0], 'Count': 2, 'Time': 1722309024.5879874}, 'Object 7': {'Probability': {'blu': 1.0, 'ylw': 0.0, 'grn': 0.0}, 'Pose': [1.0, 0.0, 0.0, 0.0, 0.0, 1.0, 0.0, 0.0, 0.0, 0.0, 1.0, 0.0, 0.0, 0.0, 0.0, 1.0], 'Count': 1, 'Time': 1722309024.6010053}}, 'cam': [[0.4081577549796989, -0.7070858518717786, 0.5774399060791462, -0.4139266095859908], [-0.4082562794344992, -0.7071277019006922, -0.5773189963156821, -0.288030538354094], [0.8165378480831323, -0.00010624220953686096, -0.5772918944176857, 0.14045419755802221], [0.0, 0.0, 0.0, 1.0]]}
{'obs': {'Object 1': {'Probability': {'blu': 0.2, 'ylw': 0.4, 'grn': 0.4}, 'Pose': [1.0, 0.0, 0.0, -0.018573470435515573, 0.0, 1.0, 0.0, -0.028721666098340884, 0.0, 0.0, 1.0, 0.18126433237197137, 0.0, 0.0, 0.0, 1.0], 'Count': 5, 'Time': 1722309030.665493}, 'Object 2': {'Probability': {'blu': 0.3333333333333333, 'ylw': 0.3333333333333333, 'grn': 0.3333333333333333}, 'Pose': [1.0, 0.0, 0.0, 0.0, 0.0, 1.0, 0.0, 0.0, 0.0, 0.0, 1.0, 0.0, 0.0, 0.0, 0.0, 1.0], 'Count': 6, 'Time': 1722309030.678569}, 'Object 3': {'Probability': {'blu': 0.5, 'ylw': 0.0, 'grn': 0.5}, 'Pose': [1.0, 0.0, 0.0, 0.16093210512105524, 0.0, 1.0, 0.0, 0.03240712003930375, 0.0, 0.0, 1.0, 0.18094093082327917, 0.0, 0.0, 0.0, 1.0], 'Count': 2, 'Time': 1722309030.6919308}, 'Object 4': {'Probability': {'blu': 0.3333333333333333, 'ylw': 0.3333333333333333, 'grn': 0.3333333333333333}, 'Pose': [1.0, 0.0, 0.0, 0.35153017965112143, 0.0, 1.0, 0.0, -0.012259438083001013, 0.0, 0.0, 1.0, 0.45972022581636235, 0.0, 0.0, 0.0, 1.0], 'Count': 3, 'Time': 1722309030.705148}, 'Object 5': {'Probability': {'blu': 1.0, 'ylw': 0.0, 'grn': 0.0}, 'Pose': [1.0, 0.0, 0.0, 0.0, 0.0, 1.0, 0.0, 0.0, 0.0, 0.0, 1.0, 0.0, 0.0, 0.0, 0.0, 1.0], 'Count': 1, 'Time': 1722309030.7182314}}, 'cam': [[0.4081963435821462, -0.7071327099636734, 0.5773552421045451, -0.4139377327862072], [-0.40826817479227334, -0.707080850527944, -0.5773679660913525, -0.3380270865358634], [0.8165126101524413, -3.627824082302337e-05, -0.5773275986352436, 0.1404793740085916], [0.0, 0.0, 0.0, 1.0]]}
{'obs': {'Object 1': {'Probability': {'blu': 0.2, 'ylw': 0.4, 'grn': 0.4}, 'Pose': [1.0, 0.0, 0.0, -0.03995385825151675, 0.0, 1.0, 0.0, -0.0636633991752811, 0.0, 0.0, 1.0, 0.15127651572017936, 0.0, 0.0, 0.0, 1.0], 'Count': 5, 'Time': 1722309036.8520734}, 'Object 2': {'Probability': {'blu': 1.0, 'ylw': 0.0, 'grn': 0.0}, 'Pose': [1.0, 0.0, 0.0, 0.10778593622876727, 0.0, 1.0, 0.0, 0.01794570898263882, 0.0, 0.0, 1.0, 0.11079177136080606, 0.0, 0.0, 0.0, 1.0], 'Count': 1, 'Time': 1722309036.8654897}}, 'cam': [[0.4082516690206525, -0.7070604145566183, 0.5774046630473941, -0.4139323275703734], [-0.40818946785830296, -0.7071531447364774, -0.5773350744748377, -0.38804284114317317], [0.8165243003557255, 7.505590296724669e-06, -0.5773110659534069, 0.14043227305199368], [0.0, 0.0, 0.0, 1.0]]}
{'obs': {'Object 1': {'Probability': {'blu': 0.5, 'ylw': 0.0, 'grn': 0.5}, 'Pose': [1.0, 0.0, 0.0, 0.14945625223950612, 0.0, 1.0, 0.0, 0.03240453940932447, 0.0, 0.0, 1.0, 0.16705523882384132, 0.0, 0.0, 0.0, 1.0], 'Count': 2, 'Time': 1722309042.965631}, 'Object 2': {'Probability': {'blu': 0.4, 'ylw': 0.4, 'grn': 0.2}, 'Pose': [1.0, 0.0, 0.0, 0.0, 0.0, 1.0, 0.0, 0.0, 0.0, 0.0, 1.0, 0.0, 0.0, 0.0, 0.0, 1.0], 'Count': 5, 'Time': 1722309042.9792166}, 'Object 3': {'Probability': {'blu': 0.4, 'ylw': 0.2, 'grn': 0.4}, 'Pose': [1.0, 0.0, 0.0, 0.0, 0.0, 1.0, 0.0, 0.0, 0.0, 0.0, 1.0, 0.0, 0.0, 0.0, 0.0, 1.0], 'Count': 5, 'Time': 1722309042.9947598}, 'Object 4': {'Probability': {'blu': 0.5, 'ylw': 0.0, 'grn': 0.5}, 'Pose': [1.0, 0.0, 0.0, 0.19298734859100244, 0.0, 1.0, 0.0, 0.2602972588226973, 0.0, 0.0, 1.0, 0.4871506949679719, 0.0, 0.0, 0.0, 1.0], 'Count': 2, 'Time': 1722309043.0081105}, 'Object 5': {'Probability': {'blu': 0.5, 'ylw': 0.0, 'grn': 0.5}, 'Pose': [1.0, 0.0, 0.0, 0.0, 0.0, 1.0, 0.0, 0.0, 0.0, 0.0, 1.0, 0.0, 0.0, 0.0, 0.0, 1.0], 'Count': 2, 'Time': 1722309043.0217528}, 'Object 6': {'Probability': {'blu': 1.0, 'ylw': 0.0, 'grn': 0.0}, 'Pose': [1.0, 0.0, 0.0, 0.0, 0.0, 1.0, 0.0, 0.0, 0.0, 0.0, 1.0, 0.0, 0.0, 0.0, 0.0, 1.0], 'Count': 1, 'Time': 1722309043.0352294}}, 'cam': [[0.40816737949091236, -0.7071570990749523, 0.5773458474323857, -0.41396656664315923], [-0.40828561050735285, -0.7070564577998237, -0.5773855087687991, -0.43801691576254526], [0.8165183712398394, -5.2071722628493946e-05, -0.577319449452706, 0.1404558430336525], [0.0, 0.0, 0.0, 1.0]]}
{'obs': {'Object 1': {'Probability': {'blu': 0.5, 'ylw': 0.0, 'grn': 0.5}, 'Pose': [1.0, 0.0, 0.0, 0.12259639048058966, 0.0, 1.0, 0.0, 0.031121539807507263, 0.0, 0.0, 1.0, 0.12864145400849256, 0.0, 0.0, 0.0, 1.0], 'Count': 2, 'Time': 1722309049.1364174}, 'Object 2': {'Probability': {'blu': 0.3333333333333333, 'ylw': 0.3333333333333333, 'grn': 0.3333333333333333}, 'Pose': [1.0, 0.0, 0.0, 0.0, 0.0, 1.0, 0.0, 0.0, 0.0, 0.0, 1.0, 0.0, 0.0, 0.0, 0.0, 1.0], 'Count': 6, 'Time': 1722309049.150417}, 'Object 3': {'Probability': {'blu': 0.5, 'ylw': 0.0, 'grn': 0.5}, 'Pose': [1.0, 0.0, 0.0, 0.10208790562164172, 0.0, 1.0, 0.0, -0.01989183026544139, 0.0, 0.0, 1.0, 0.11056666572888692, 0.0, 0.0, 0.0, 1.0], 'Count': 2, 'Time': 1722309049.1666787}, 'Object 4': {'Probability': {'blu': 0.3333333333333333, 'ylw': 0.3333333333333333, 'grn': 0.3333333333333333}, 'Pose': [1.0, 0.0, 0.0, 0.3052325746798078, 0.0, 1.0, 0.0, -0.017565983663711673, 0.0, 0.0, 1.0, 0.39828333093060386, 0.0, 0.0, 0.0, 1.0], 'Count': 3, 'Time': 1722309049.1802628}, 'Object 5': {'Probability': {'blu': 0.25, 'ylw': 0.0, 'grn': 0.75}, 'Pose': [1.0, 0.0, 0.0, 0.0, 0.0, 1.0, 0.0, 0.0, 0.0, 0.0, 1.0, 0.0, 0.0, 0.0, 0.0, 1.0], 'Count': 4, 'Time': 1722309049.1936543}, 'Object 6': {'Probability': {'blu': 0.5, 'ylw': 0.0, 'grn': 0.5}, 'Pose': [1.0, 0.0, 0.0, 0.11536229384977298, 0.0, 1.0, 0.0, 0.0549820251748722, 0.0, 0.0, 1.0, 0.12354516117803511, 0.0, 0.0, 0.0, 1.0], 'Count': 2, 'Time': 1722309049.2073116}, 'Object 7': {'Probability': {'blu': 1.0, 'ylw': 0.0, 'grn': 0.0}, 'Pose': [1.0, 0.0, 0.0, 0.2037999167727832, 0.0, 1.0, 0.0, 0.18405918365181084, 0.0, 0.0, 1.0, 0.49915000796318054, 0.0, 0.0, 0.0, 1.0], 'Count': 1, 'Time': 1722309049.2242768}}, 'cam': [[0.40818379110494124, -0.7071411182971024, 0.5773538182888558, -0.41395924611630563], [-0.4082280217902053, -0.7070724423973545, -0.5774066534319598, -0.48803931735290024], [0.8165389610450032, -3.9703060069562865e-06, -0.577290329972522, 0.140486422090508], [0.0, 0.0, 0.0, 1.0]]}
{'obs': {'Object 1': {'Probability': {'blu': 0.3333333333333333, 'ylw': 0.3333333333333333, 'grn': 0.3333333333333333}, 'Pose': [1.0, 0.0, 0.0, 0.0, 0.0, 1.0, 0.0, 0.0, 0.0, 0.0, 1.0, 0.0, 0.0, 0.0, 0.0, 1.0], 'Count': 6, 'Time': 1722309055.3190942}, 'Object 2': {'Probability': {'blu': 0.5, 'ylw': 0.0, 'grn': 0.5}, 'Pose': [1.0, 0.0, 0.0, 0.17518593090185972, 0.0, 1.0, 0.0, 0.03153243718809457, 0.0, 0.0, 1.0, 0.20210825210636102, 0.0, 0.0, 0.0, 1.0], 'Count': 2, 'Time': 1722309055.3342857}, 'Object 3': {'Probability': {'blu': 0.3333333333333333, 'ylw': 0.3333333333333333, 'grn': 0.3333333333333333}, 'Pose': [1.0, 0.0, 0.0, 0.0, 0.0, 1.0, 0.0, 0.0, 0.0, 0.0, 1.0, 0.0, 0.0, 0.0, 0.0, 1.0], 'Count': 3, 'Time': 1722309055.3477182}, 'Object 4': {'Probability': {'blu': 1.0, 'ylw': 0.0, 'grn': 0.0}, 'Pose': [1.0, 0.0, 0.0, 0.0, 0.0, 1.0, 0.0, 0.0, 0.0, 0.0, 1.0, 0.0, 0.0, 0.0, 0.0, 1.0], 'Count': 1, 'Time': 1722309055.3628633}}, 'cam': [[0.40825141013373023, -0.7070617413092493, 0.5774032214151157, -0.4139302336966539], [-0.4082987976531492, -0.7071518129559569, -0.5772593916672966, -0.5380259474106576], [0.8164697654897053, -8.608040373352947e-05, -0.5773881836610011, 0.14045067495469282], [0.0, 0.0, 0.0, 1.0]]}
{'obs': {'Object 1': {'Probability': {'blu': 0.3333333333333333, 'ylw': 0.3333333333333333, 'grn': 0.3333333333333333}, 'Pose': [1.0, 0.0, 0.0, 0.0, 0.0, 1.0, 0.0, 0.0, 0.0, 0.0, 1.0, 0.0, 0.0, 0.0, 0.0, 1.0], 'Count': 6, 'Time': 1722309061.568367}, 'Object 2': {'Probability': {'blu': 0.5, 'ylw': 0.0, 'grn': 0.5}, 'Pose': [1.0, 0.0, 0.0, 0.18456044128630328, 0.0, 1.0, 0.0, 0.0403415702514904, 0.0, 0.0, 1.0, 0.2121851745558086, 0.0, 0.0, 0.0, 1.0], 'Count': 2, 'Time': 1722309061.58209}, 'Object 3': {'Probability': {'blu': 0.3333333333333333, 'ylw': 0.3333333333333333, 'grn': 0.3333333333333333}, 'Pose': [1.0, 0.0, 0.0, 0.3104895786194195, 0.0, 1.0, 0.0, -0.024622867857846953, 0.0, 0.0, 1.0, 0.40470435049222864, 0.0, 0.0, 0.0, 1.0], 'Count': 3, 'Time': 1722309061.5954566}, 'Object 4': {'Probability': {'blu': 0.5, 'ylw': 0.0, 'grn': 0.5}, 'Pose': [1.0, 0.0, 0.0, 0.1059642811247959, 0.0, 1.0, 0.0, -0.030257221609540513, 0.0, 0.0, 1.0, 0.11559999982515971, 0.0, 0.0, 0.0, 1.0], 'Count': 2, 'Time': 1722309061.6090121}, 'Object 5': {'Probability': {'blu': 0.3333333333333333, 'ylw': 0.3333333333333333, 'grn': 0.3333333333333333}, 'Pose': [1.0, 0.0, 0.0, 0.09121771409961286, 0.0, 1.0, 0.0, 0.03822236410326005, 0.0, 0.0, 1.0, 0.09208227849647968, 0.0, 0.0, 0.0, 1.0], 'Count': 3, 'Time': 1722309061.6223207}, 'Object 6': {'Probability': {'blu': 0.5, 'ylw': 0.0, 'grn': 0.5}, 'Pose': [1.0, 0.0, 0.0, 0.0, 0.0, 1.0, 0.0, 0.0, 0.0, 0.0, 1.0, 0.0, 0.0, 0.0, 0.0, 1.0], 'Count': 2, 'Time': 1722309061.6355865}, 'Object 7': {'Probability': {'blu': 0.3333333333333333, 'ylw': 0.3333333333333333, 'grn': 0.3333333333333333}, 'Pose': [1.0, 0.0, 0.0, 0.0, 0.0, 1.0, 0.0, 0.0, 0.0, 0.0, 1.0, 0.0, 0.0, 0.0, 0.0, 1.0], 'Count': 3, 'Time': 1722309061.6487083}, 'Object 8': {'Probability': {'blu': 0.3333333333333333, 'ylw': 0.3333333333333333, 'grn': 0.3333333333333333}, 'Pose': [1.0, 0.0, 0.0, 0.0, 0.0, 1.0, 0.0, 0.0, 0.0, 0.0, 1.0, 0.0, 0.0, 0.0, 0.0, 1.0], 'Count': 3, 'Time': 1722309061.6618586}, 'Object 9': {'Probability': {'blu': 1.0, 'ylw': 0.0, 'grn': 0.0}, 'Pose': [1.0, 0.0, 0.0, 0.1136083900497683, 0.0, 1.0, 0.0, 0.06178979607322926, 0.0, 0.0, 1.0, 0.12399586819666476, 0.0, 0.0, 0.0, 1.0], 'Count': 1, 'Time': 1722309061.6758842}}, 'cam': [[0.40814421332056894, -0.7071331970718957, 0.577391498666038, -0.4139561260140659], [-0.40827548820510445, -0.7070803589291699, -0.5773633966121163, -0.5880425194752252], [0.8165350126380482, -8.72666930096189e-05, -0.5772959081101361, 0.14045883109370108], [0.0, 0.0, 0.0, 1.0]]}
{'obs': {'Object 1': {'Probability': {'blu': 0.16666666666666666, 'ylw': 0.16666666666666666, 'grn': 0.6666666666666666}, 'Pose': [1.0, 0.0, 0.0, 0.03764032272503347, 0.0, 1.0, 0.0, 0.055164634751459406, 0.0, 0.0, 1.0, 0.35011865609669424, 0.0, 0.0, 0.0, 1.0], 'Count': 6, 'Time': 1722309069.7428792}, 'Object 2': {'Probability': {'blu': 0.2, 'ylw': 0.6, 'grn': 0.2}, 'Pose': [1.0, 0.0, 0.0, 0.10170206590395765, 0.0, 1.0, 0.0, 0.15006488840086726, 0.0, 0.0, 1.0, 0.4115634014515429, 0.0, 0.0, 0.0, 1.0], 'Count': 5, 'Time': 1722309069.7608752}, 'Object 3': {'Probability': {'blu': 0.4, 'ylw': 0.4, 'grn': 0.2}, 'Pose': [1.0, 0.0, 0.0, 0.0, 0.0, 1.0, 0.0, 0.0, 0.0, 0.0, 1.0, 0.0, 0.0, 0.0, 0.0, 1.0], 'Count': 5, 'Time': 1722309069.7765067}, 'Object 4': {'Probability': {'blu': 0.3333333333333333, 'ylw': 0.3333333333333333, 'grn': 0.3333333333333333}, 'Pose': [1.0, 0.0, 0.0, 0.0, 0.0, 1.0, 0.0, 0.0, 0.0, 0.0, 1.0, 0.0, 0.0, 0.0, 0.0, 1.0], 'Count': 3, 'Time': 1722309069.791953}, 'Object 5': {'Probability': {'blu': 0.5, 'ylw': 0.0, 'grn': 0.5}, 'Pose': [1.0, 0.0, 0.0, 0.14479762813498778, 0.0, 1.0, 0.0, -0.17098368899695215, 0.0, 0.0, 1.0, 0.3383200223618122, 0.0, 0.0, 0.0, 1.0], 'Count': 2, 'Time': 1722309069.8091524}, 'Object 6': {'Probability': {'blu': 1.0, 'ylw': 0.0, 'grn': 0.0}, 'Pose': [1.0, 0.0, 0.0, 0.0, 0.0, 1.0, 0.0, 0.0, 0.0, 0.0, 1.0, 0.0, 0.0, 0.0, 0.0, 1.0], 'Count': 2, 'Time': 1722309069.8258593}, 'Object 7': {'Probability': {'blu': 1.0, 'ylw': 0.0, 'grn': 0.0}, 'Pose': [1.0, 0.0, 0.0, 0.0, 0.0, 1.0, 0.0, 0.0, 0.0, 0.0, 1.0, 0.0, 0.0, 0.0, 0.0, 1.0], 'Count': 1, 'Time': 1722309069.8426347}}, 'cam': [[0.5144163890808768, -0.7070774153454931, 0.4851982144993209, -0.44201423633129355], [-0.5144749510787113, -0.7071361381027872, -0.4850505199478017, -0.05994308481293485], [0.6860694595720966, -0.00010439067466643009, -0.7275360374201667, 0.24646496630352158], [0.0, 0.0, 0.0, 1.0]]}
{'obs': {'Object 1': {'Probability': {'blu': 0.2, 'ylw': 0.2, 'grn': 0.6}, 'Pose': [1.0, 0.0, 0.0, 0.012464972998311041, 0.0, 1.0, 0.0, 0.019151316976678788, 0.0, 0.0, 1.0, 0.32564317875856047, 0.0, 0.0, 0.0, 1.0], 'Count': 5, 'Time': 1722309075.9231496}, 'Object 2': {'Probability': {'blu': 0.2, 'ylw': 0.6, 'grn': 0.2}, 'Pose': [1.0, 0.0, 0.0, 0.0767656771124095, 0.0, 1.0, 0.0, 0.1147787189416596, 0.0, 0.0, 1.0, 0.385981700850032, 0.0, 0.0, 0.0, 1.0], 'Count': 5, 'Time': 1722309075.9392095}, 'Object 3': {'Probability': {'blu': 0.6666666666666666, 'ylw': 0.0, 'grn': 0.3333333333333333}, 'Pose': [1.0, 0.0, 0.0, 0.0, 0.0, 1.0, 0.0, 0.0, 0.0, 0.0, 1.0, 0.0, 0.0, 0.0, 0.0, 1.0], 'Count': 3, 'Time': 1722309075.9539487}, 'Object 4': {'Probability': {'blu': 0.3333333333333333, 'ylw': 0.3333333333333333, 'grn': 0.3333333333333333}, 'Pose': [1.0, 0.0, 0.0, 0.0, 0.0, 1.0, 0.0, 0.0, 0.0, 0.0, 1.0, 0.0, 0.0, 0.0, 0.0, 1.0], 'Count': 3, 'Time': 1722309075.9708042}, 'Object 5': {'Probability': {'blu': 0.3333333333333333, 'ylw': 0.3333333333333333, 'grn': 0.3333333333333333}, 'Pose': [1.0, 0.0, 0.0, 0.0, 0.0, 1.0, 0.0, 0.0, 0.0, 0.0, 1.0, 0.0, 0.0, 0.0, 0.0, 1.0], 'Count': 3, 'Time': 1722309075.9843013}, 'Object 6': {'Probability': {'blu': 1.0, 'ylw': 0.0, 'grn': 0.0}, 'Pose': [1.0, 0.0, 0.0, 0.29135574467268943, 0.0, 1.0, 0.0, 0.10672257650051617, 0.0, 0.0, 1.0, 0.34505000412464143, 0.0, 0.0, 0.0, 1.0], 'Count': 1, 'Time': 1722309075.9990423}}, 'cam': [[0.5144881330064557, -0.7070951855944922, 0.48509623736390906, -0.4420020009813382], [-0.5144489708754546, -0.707118376215246, -0.48510396657201094, -0.110001515316282], [0.6860351429487535, 2.2973988241594872e-05, -0.727568403733614, 0.24651918490409092], [0.0, 0.0, 0.0, 1.0]]}
{'obs': {'Object 1': {'Probability': {'blu': 0.3333333333333333, 'ylw': 0.16666666666666666, 'grn': 0.5}, 'Pose': [1.0, 0.0, 0.0, -0.013531559554850314, 0.0, 1.0, 0.0, -0.016427330344052797, 0.0, 0.0, 1.0, 0.2993444713257375, 0.0, 0.0, 0.0, 1.0], 'Count': 6, 'Time': 1722309082.097749}, 'Object 2': {'Probability': {'blu': 0.5, 'ylw': 0.0, 'grn': 0.5}, 'Pose': [1.0, 0.0, 0.0, 0.0, 0.0, 1.0, 0.0, 0.0, 0.0, 0.0, 1.0, 0.0, 0.0, 0.0, 0.0, 1.0], 'Count': 2, 'Time': 1722309082.1109917}, 'Object 3': {'Probability': {'blu': 0.16666666666666666, 'ylw': 0.6666666666666666, 'grn': 0.16666666666666666}, 'Pose': [1.0, 0.0, 0.0, 0.05049904930854803, 0.0, 1.0, 0.0, 0.07956658185601746, 0.0, 0.0, 1.0, 0.36264711265112703, 0.0, 0.0, 0.0, 1.0], 'Count': 6, 'Time': 1722309082.12455}, 'Object 4': {'Probability': {'blu': 0.3333333333333333, 'ylw': 0.3333333333333333, 'grn': 0.3333333333333333}, 'Pose': [1.0, 0.0, 0.0, 0.0, 0.0, 1.0, 0.0, 0.0, 0.0, 0.0, 1.0, 0.0, 0.0, 0.0, 0.0, 1.0], 'Count': 3, 'Time': 1722309082.140119}, 'Object 5': {'Probability': {'blu': 0.3333333333333333, 'ylw': 0.3333333333333333, 'grn': 0.3333333333333333}, 'Pose': [1.0, 0.0, 0.0, 0.0, 0.0, 1.0, 0.0, 0.0, 0.0, 0.0, 1.0, 0.0, 0.0, 0.0, 0.0, 1.0], 'Count': 3, 'Time': 1722309082.1559312}, 'Object 6': {'Probability': {'blu': 0.5, 'ylw': 0.0, 'grn': 0.5}, 'Pose': [1.0, 0.0, 0.0, 0.0, 0.0, 1.0, 0.0, 0.0, 0.0, 0.0, 1.0, 0.0, 0.0, 0.0, 0.0, 1.0], 'Count': 2, 'Time': 1722309082.1722045}, 'Object 7': {'Probability': {'blu': 0.5, 'ylw': 0.0, 'grn': 0.5}, 'Pose': [1.0, 0.0, 0.0, 0.0, 0.0, 1.0, 0.0, 0.0, 0.0, 0.0, 1.0, 0.0, 0.0, 0.0, 0.0, 1.0], 'Count': 2, 'Time': 1722309082.1872816}, 'Object 8': {'Probability': {'blu': 1.0, 'ylw': 0.0, 'grn': 0.0}, 'Pose': [1.0, 0.0, 0.0, 0.0, 0.0, 1.0, 0.0, 0.0, 0.0, 0.0, 1.0, 0.0, 0.0, 0.0, 0.0, 1.0], 'Count': 1, 'Time': 1722309082.2028391}}, 'cam': [[0.5144445898979658, -0.7071216633085413, 0.48510382105738514, -0.4420188992635747], [-0.5144885105224521, -0.7070918983789382, -0.48510062851665947, -0.15999492555769024], [0.6860381450510622, -2.294844806595457e-05, -0.7275655729954973, 0.2464980246218959], [0.0, 0.0, 0.0, 1.0]]}
{'obs': {'Object 1': {'Probability': {'blu': 0.25, 'ylw': 0.25, 'grn': 0.5}, 'Pose': [1.0, 0.0, 0.0, -0.04006671777030977, 0.0, 1.0, 0.0, -0.0530213175096465, 0.0, 0.0, 1.0, 0.2784842881846612, 0.0, 0.0, 0.0, 1.0], 'Count': 4, 'Time': 1722309088.5494502}, 'Object 2': {'Probability': {'blu': 0.16666666666666666, 'ylw': 0.6666666666666666, 'grn': 0.16666666666666666}, 'Pose': [1.0, 0.0, 0.0, 0.02485383698095576, 0.0, 1.0, 0.0, 0.043514908468801496, 0.0, 0.0, 1.0, 0.33578002245658234, 0.0, 0.0, 0.0, 1.0], 'Count': 6, 'Time': 1722309088.5637286}, 'Object 3': {'Probability': {'blu': 0.6666666666666666, 'ylw': 0.0, 'grn': 0.3333333333333333}, 'Pose': [1.0, 0.0, 0.0, 0.0, 0.0, 1.0, 0.0, 0.0, 0.0, 0.0, 1.0, 0.0, 0.0, 0.0, 0.0, 1.0], 'Count': 3, 'Time': 1722309088.5786607}, 'Object 4': {'Probability': {'blu': 0.3333333333333333, 'ylw': 0.3333333333333333, 'grn': 0.3333333333333333}, 'Pose': [1.0, 0.0, 0.0, 0.0, 0.0, 1.0, 0.0, 0.0, 0.0, 0.0, 1.0, 0.0, 0.0, 0.0, 0.0, 1.0], 'Count': 3, 'Time': 1722309088.5919924}, 'Object 5': {'Probability': {'blu': 1.0, 'ylw': 0.0, 'grn': 0.0}, 'Pose': [1.0, 0.0, 0.0, 0.28730918427451346, 0.0, 1.0, 0.0, 0.15348058611871185, 0.0, 0.0, 1.0, 0.33190882030655355, 0.0, 0.0, 0.0, 1.0], 'Count': 1, 'Time': 1722309088.6054676}}, 'cam': [[0.5144182791807117, -0.7071177955404357, 0.48513735918272677, -0.44201284053083784], [-0.5144913843371416, -0.7070957642139748, -0.48509194558713054, -0.21001442365321107], [0.6860557189380525, -5.8827626230926006e-05, -0.7275489997599492, 0.2465316558966512], [0.0, 0.0, 0.0, 1.0]]}
{'obs': {'Object 1': {'Probability': {'blu': 0.2, 'ylw': 0.2, 'grn': 0.6}, 'Pose': [1.0, 0.0, 0.0, -0.06642939513741003, 0.0, 1.0, 0.0, -0.08727793954097099, 0.0, 0.0, 1.0, 0.2528450169415992, 0.0, 0.0, 0.0, 1.0], 'Count': 5, 'Time': 1722309094.6816943}, 'Object 2': {'Probability': {'blu': 0.14285714285714285, 'ylw': 0.5714285714285714, 'grn': 0.2857142857142857}, 'Pose': [1.0, 0.0, 0.0, -0.0038373513225354703, 0.0, 1.0, 0.0, 0.007490549104639743, 0.0, 0.0, 1.0, 0.31087356659202847, 0.0, 0.0, 0.0, 1.0], 'Count': 7, 'Time': 1722309094.6987658}, 'Object 3': {'Probability': {'blu': 1.0, 'ylw': 0.0, 'grn': 0.0}, 'Pose': [1.0, 0.0, 0.0, 0.0, 0.0, 1.0, 0.0, 0.0, 0.0, 0.0, 1.0, 0.0, 0.0, 0.0, 0.0, 1.0], 'Count': 1, 'Time': 1722309094.7153373}}, 'cam': [[0.5144488706391263, -0.7071158072146932, 0.4851078175882556, -0.4420029125655798], [-0.514501568812646, -0.707097753867319, -0.4850782433433989, -0.26000649265997494], [0.6860251418041856, -4.077873281378745e-05, -0.7275778330526858, 0.24651243668863015], [0.0, 0.0, 0.0, 1.0]]}
{'obs': {'Object 1': {'Probability': {'blu': 0.16666666666666666, 'ylw': 0.16666666666666666, 'grn': 0.6666666666666666}, 'Pose': [1.0, 0.0, 0.0, -0.08972509632563701, 0.0, 1.0, 0.0, -0.11395826710810897, 0.0, 0.0, 1.0, 0.2299928287550184, 0.0, 0.0, 0.0, 1.0], 'Count': 6, 'Time': 1722309100.8109243}, 'Object 2': {'Probability': {'blu': 0.14285714285714285, 'ylw': 0.5714285714285714, 'grn': 0.2857142857142857}, 'Pose': [1.0, 0.0, 0.0, -0.02791607249391933, 0.0, 1.0, 0.0, -0.027998123385044264, 0.0, 0.0, 1.0, 0.2877196002464233, 0.0, 0.0, 0.0, 1.0], 'Count': 7, 'Time': 1722309100.8262854}, 'Object 3': {'Probability': {'blu': 1.0, 'ylw': 0.0, 'grn': 0.0}, 'Pose': [1.0, 0.0, 0.0, 0.0, 0.0, 1.0, 0.0, 0.0, 0.0, 0.0, 1.0, 0.0, 0.0, 0.0, 0.0, 1.0], 'Count': 1, 'Time': 1722309100.8396223}}, 'cam': [[0.5144685207791138, -0.7070969411299084, 0.48511447821321246, -0.44198210650286557], [-0.5144773370304405, -0.7071166207041968, -0.4850764418171062, -0.31000383286237737], [0.6860285787118622, -2.3845419602639235e-05, -0.7275745931668989, 0.24653090644732223], [0.0, 0.0, 0.0, 1.0]]}
{'obs': {'Object 1': {'Probability': {'blu': 0.125, 'ylw': 0.5, 'grn': 0.375}, 'Pose': [1.0, 0.0, 0.0, -0.05453043282089088, 0.0, 1.0, 0.0, -0.06341567757528671, 0.0, 0.0, 1.0, 0.2637116409749789, 0.0, 0.0, 0.0, 1.0], 'Count': 8, 'Time': 1722309106.900046}, 'Object 2': {'Probability': {'blu': 0.3333333333333333, 'ylw': 0.3333333333333333, 'grn': 0.3333333333333333}, 'Pose': [1.0, 0.0, 0.0, 0.0, 0.0, 1.0, 0.0, 0.0, 0.0, 0.0, 1.0, 0.0, 0.0, 0.0, 0.0, 1.0], 'Count': 6, 'Time': 1722309106.9149468}, 'Object 3': {'Probability': {'blu': 0.5, 'ylw': 0.0, 'grn': 0.5}, 'Pose': [1.0, 0.0, 0.0, 0.0, 0.0, 1.0, 0.0, 0.0, 0.0, 0.0, 1.0, 0.0, 0.0, 0.0, 0.0, 1.0], 'Count': 2, 'Time': 1722309106.9313548}, 'Object 4': {'Probability': {'blu': 1.0, 'ylw': 0.0, 'grn': 0.0}, 'Pose': [1.0, 0.0, 0.0, 0.0, 0.0, 1.0, 0.0, 0.0, 0.0, 0.0, 1.0, 0.0, 0.0, 0.0, 0.0, 1.0], 'Count': 2, 'Time': 1722309106.9484296}, 'Object 5': {'Probability': {'blu': 0.5, 'ylw': 0.5, 'grn': 0.0}, 'Pose': [1.0, 0.0, 0.0, 0.0, 0.0, 1.0, 0.0, 0.0, 0.0, 0.0, 1.0, 0.0, 0.0, 0.0, 0.0, 1.0], 'Count': 2, 'Time': 1722309106.96404}, 'Object 6': {'Probability': {'blu': 0.3333333333333333, 'ylw': 0.3333333333333333, 'grn': 0.3333333333333333}, 'Pose': [1.0, 0.0, 0.0, 0.0, 0.0, 1.0, 0.0, 0.0, 0.0, 0.0, 1.0, 0.0, 0.0, 0.0, 0.0, 1.0], 'Count': 3, 'Time': 1722309106.9806063}, 'Object 7': {'Probability': {'blu': 1.0, 'ylw': 0.0, 'grn': 0.0}, 'Pose': [1.0, 0.0, 0.0, 0.0, 0.0, 1.0, 0.0, 0.0, 0.0, 0.0, 1.0, 0.0, 0.0, 0.0, 0.0, 1.0], 'Count': 2, 'Time': 1722309106.9970698}, 'Object 8': {'Probability': {'blu': 1.0, 'ylw': 0.0, 'grn': 0.0}, 'Pose': [1.0, 0.0, 0.0, 0.0, 0.0, 1.0, 0.0, 0.0, 0.0, 0.0, 1.0, 0.0, 0.0, 0.0, 0.0, 1.0], 'Count': 1, 'Time': 1722309107.013004}}, 'cam': [[0.5145011236616088, -0.7071094690418827, 0.4850616378794026, -0.4419892230010184], [-0.5144767664074866, -0.7071040927206169, -0.4850953090730209, -0.3599879066793532], [0.6860045557996232, 2.9138636530353828e-05, -0.7275972433792623, 0.24655115761087465], [0.0, 0.0, 0.0, 1.0]]}
{'obs': {'Object 1': {'Probability': {'blu': 0.16666666666666666, 'ylw': 0.5, 'grn': 0.3333333333333333}, 'Pose': [1.0, 0.0, 0.0, -0.08060704355064609, 0.0, 1.0, 0.0, -0.0983537450325097, 0.0, 0.0, 1.0, 0.2395121008430645, 0.0, 0.0, 0.0, 1.0], 'Count': 6, 'Time': 1722309113.1978939}, 'Object 2': {'Probability': {'blu': 0.5, 'ylw': 0.25, 'grn': 0.25}, 'Pose': [1.0, 0.0, 0.0, 0.0, 0.0, 1.0, 0.0, 0.0, 0.0, 0.0, 1.0, 0.0, 0.0, 0.0, 0.0, 1.0], 'Count': 4, 'Time': 1722309113.214611}, 'Object 3': {'Probability': {'blu': 1.0, 'ylw': 0.0, 'grn': 0.0}, 'Pose': [1.0, 0.0, 0.0, 0.0, 0.0, 1.0, 0.0, 0.0, 0.0, 0.0, 1.0, 0.0, 0.0, 0.0, 0.0, 1.0], 'Count': 1, 'Time': 1722309113.2310965}}, 'cam': [[0.5144181805512837, -0.7071419665330081, 0.4851022311700256, -0.44201206150748257], [-0.5145293844029575, -0.7070715913845793, -0.4850868759745948, -0.4100012229460457], [0.6860272939936285, -6.184422825729379e-05, -0.7275758022852816, 0.24653859341589718], [0.0, 0.0, 0.0, 1.0]]}
{'obs': {'Object 1': {'Probability': {'blu': 0.3333333333333333, 'ylw': 0.3333333333333333, 'grn': 0.3333333333333333}, 'Pose': [1.0, 0.0, 0.0, 0.0, 0.0, 1.0, 0.0, 0.0, 0.0, 0.0, 1.0, 0.0, 0.0, 0.0, 0.0, 1.0], 'Count': 3, 'Time': 1722309119.3513725}, 'Object 2': {'Probability': {'blu': 0.3333333333333333, 'ylw': 0.3333333333333333, 'grn': 0.3333333333333333}, 'Pose': [1.0, 0.0, 0.0, 0.0, 0.0, 1.0, 0.0, 0.0, 0.0, 0.0, 1.0, 0.0, 0.0, 0.0, 0.0, 1.0], 'Count': 3, 'Time': 1722309119.3690138}, 'Object 3': {'Probability': {'blu': 0.5, 'ylw': 0.5, 'grn': 0.0}, 'Pose': [1.0, 0.0, 0.0, 0.4226928675296417, 0.0, 1.0, 0.0, 0.22151085627209008, 0.0, 0.0, 1.0, 0.44266427946942194, 0.0, 0.0, 0.0, 1.0], 'Count': 2, 'Time': 1722309119.3846705}, 'Object 4': {'Probability': {'blu': 0.5, 'ylw': 0.5, 'grn': 0.0}, 'Pose': [1.0, 0.0, 0.0, 0.0, 0.0, 1.0, 0.0, 0.0, 0.0, 0.0, 1.0, 0.0, 0.0, 0.0, 0.0, 1.0], 'Count': 2, 'Time': 1722309119.4014976}, 'Object 5': {'Probability': {'blu': 1.0, 'ylw': 0.0, 'grn': 0.0}, 'Pose': [1.0, 0.0, 0.0, 0.0, 0.0, 1.0, 0.0, 0.0, 0.0, 0.0, 1.0, 0.0, 0.0, 0.0, 0.0, 1.0], 'Count': 1, 'Time': 1722309119.4164968}}, 'cam': [[0.514439756168038, -0.7070715278055368, 0.4851820192881364, -0.4419843374068614], [-0.5144854136308031, -0.707142025749885, -0.485030838792227, -0.46001282352934775], [0.6860440921944535, -9.99254374327994e-05, -0.7275599587525384, 0.24647077727709182], [0.0, 0.0, 0.0, 1.0]]}
{'obs': {'Object 1': {'Probability': {'blu': 0.4, 'ylw': 0.2, 'grn': 0.4}, 'Pose': [1.0, 0.0, 0.0, 0.0, 0.0, 1.0, 0.0, 0.0, 0.0, 0.0, 1.0, 0.0, 0.0, 0.0, 0.0, 1.0], 'Count': 5, 'Time': 1722309125.4885721}, 'Object 2': {'Probability': {'blu': 1.0, 'ylw': 0.0, 'grn': 0.0}, 'Pose': [1.0, 0.0, 0.0, 0.0, 0.0, 1.0, 0.0, 0.0, 0.0, 0.0, 1.0, 0.0, 0.0, 0.0, 0.0, 1.0], 'Count': 1, 'Time': 1722309125.5018234}}, 'cam': [[0.5145078320647394, -0.7070998284713252, 0.4850685758940322, -0.4420243461956206], [-0.5144882780015688, -0.7071137337665065, -0.48506904592827815, -0.5099862376527522], [0.685990891005866, 9.726897875802682e-06, -0.7276101273088257, 0.2465126276395822], [0.0, 0.0, 0.0, 1.0]]}
{'obs': {'Object 1': {'Probability': {'blu': 0.25, 'ylw': 0.25, 'grn': 0.5}, 'Pose': [1.0, 0.0, 0.0, 0.0, 0.0, 1.0, 0.0, 0.0, 0.0, 0.0, 1.0, 0.0, 0.0, 0.0, 0.0, 1.0], 'Count': 4, 'Time': 1722309131.5928874}, 'Object 2': {'Probability': {'blu': 0.6666666666666666, 'ylw': 0.0, 'grn': 0.3333333333333333}, 'Pose': [1.0, 0.0, 0.0, 0.0, 0.0, 1.0, 0.0, 0.0, 0.0, 0.0, 1.0, 0.0, 0.0, 0.0, 0.0, 1.0], 'Count': 3, 'Time': 1722309131.6060152}, 'Object 3': {'Probability': {'blu': 0.3333333333333333, 'ylw': 0.3333333333333333, 'grn': 0.3333333333333333}, 'Pose': [1.0, 0.0, 0.0, 0.0, 0.0, 1.0, 0.0, 0.0, 0.0, 0.0, 1.0, 0.0, 0.0, 0.0, 0.0, 1.0], 'Count': 6, 'Time': 1722309131.6191688}, 'Object 4': {'Probability': {'blu': 1.0, 'ylw': 0.0, 'grn': 0.0}, 'Pose': [1.0, 0.0, 0.0, 0.0999338830472831, 0.0, 1.0, 0.0, 0.0014444614036778233, 0.0, 0.0, 1.0, 0.1022413800759562, 0.0, 0.0, 0.0, 1.0], 'Count': 1, 'Time': 1722309131.6324797}}, 'cam': [[0.5144734402805247, -0.7071479444993702, 0.4850349099149841, -0.4420469033514678], [-0.5145146247526113, -0.7070656152140549, -0.48511124157006436, -0.5599667887696288], [0.6859969243091405, 1.929470248283845e-05, -0.7276044388719147, 0.24652287684282934], [0.0, 0.0, 0.0, 1.0]]}
{'obs': {'Object 1': {'Probability': {'blu': 0.5, 'ylw': 0.25, 'grn': 0.25}, 'Pose': [1.0, 0.0, 0.0, 0.0, 0.0, 1.0, 0.0, 0.0, 0.0, 0.0, 1.0, 0.0, 0.0, 0.0, 0.0, 1.0], 'Count': 4, 'Time': 1722309139.6381466}, 'Object 2': {'Probability': {'blu': 0.3333333333333333, 'ylw': 0.3333333333333333, 'grn': 0.3333333333333333}, 'Pose': [1.0, 0.0, 0.0, 0.0414259536014892, 0.0, 1.0, 0.0, 0.054484192316865104, 0.0, 0.0, 1.0, 0.4468469243889075, 0.0, 0.0, 0.0, 1.0], 'Count': 3, 'Time': 1722309139.6514373}, 'Object 3': {'Probability': {'blu': 0.25, 'ylw': 0.25, 'grn': 0.5}, 'Pose': [1.0, 0.0, 0.0, 0.1565286999549597, 0.0, 1.0, 0.0, -0.18529710069802366, 0.0, 0.0, 1.0, 0.4020273429766852, 0.0, 0.0, 0.0, 1.0], 'Count': 4, 'Time': 1722309139.6651611}, 'Object 4': {'Probability': {'blu': 0.5, 'ylw': 0.0, 'grn': 0.5}, 'Pose': [1.0, 0.0, 0.0, 0.18065441983992492, 0.0, 1.0, 0.0, -0.06983415305657781, 0.0, 0.0, 1.0, 0.21014271199665444, 0.0, 0.0, 0.0, 1.0], 'Count': 4, 'Time': 1722309139.6785066}, 'Object 5': {'Probability': {'blu': 1.0, 'ylw': 0.0, 'grn': 0.0}, 'Pose': [1.0, 0.0, 0.0, 0.0, 0.0, 1.0, 0.0, 0.0, 0.0, 0.0, 1.0, 0.0, 0.0, 0.0, 0.0, 1.0], 'Count': 1, 'Time': 1722309139.6914642}}, 'cam': [[0.5773102866582036, -0.7071419158482676, 0.40824397579029204, -0.4581460709116085], [-0.5773295304486901, -0.7070716432370863, -0.40833846818773034, -0.043834773501137014], [0.5774109855125015, 4.669527151467751e-05, -0.8164536432823565, 0.35676429238002555], [0.0, 0.0, 0.0, 1.0]]}
