[['ylw', [[1.0, 0.0, 0.0, -0.286], [0.0, 1.0, 0.0, -0.291], [0.0, 0.0, 1.0, 0.0125], [0.0, 0.0, 0.0, 1.0]]], ['grn', [[1.0, 0.0, 0.0, -0.297], [0.0, 1.0, 0.0, -0.413], [0.0, 0.0, 1.0, 0.0125], [0.0, 0.0, 0.0, 1.0]]], ['NOT', [[1.0, 0.0, 0.0, -0.304], [0.0, 1.0, 0.0, -0.537], [0.0, 0.0, 1.0, 0.0125], [0.0, 0.0, 0.0, 1.0]]]]
{'obs': {'Object 1': {'Probability': {'blu': 0.25, 'ylw': 0.5, 'grn': 0.25}, 'Pose': [1.0, 0.0, 0.0, 0.03298365987361557, 0.0, 1.0, 0.0, 0.05710899511260794, 0.0, 0.0, 1.0, 0.2549449586464628, 0.0, 0.0, 0.0, 1.0], 'Count': 4, 'Time': 1722307719.9174702}, 'Object 2': {'Probability': {'blu': 0.3333333333333333, 'ylw': 0.3333333333333333, 'grn': 0.3333333333333333}, 'Pose': [1.0, 0.0, 0.0, 0.0, 0.0, 1.0, 0.0, 0.0, 0.0, 0.0, 1.0, 0.0, 0.0, 0.0, 0.0, 1.0], 'Count': 6, 'Time': 1722307719.9305818}, 'Object 3': {'Probability': {'blu': 0.2, 'ylw': 0.2, 'grn': 0.6}, 'Pose': [1.0, 0.0, 0.0, 0.08149023172348421, 0.0, 1.0, 0.0, 0.1483256943610786, 0.0, 0.0, 1.0, 0.32291217596506483, 0.0, 0.0, 0.0, 1.0], 'Count': 5, 'Time': 1722307719.9441478}, 'Object 4': {'Probability': {'blu': 0.5, 'ylw': 0.0, 'grn': 0.5}, 'Pose': [1.0, 0.0, 0.0, 0.1396970270610086, 0.0, 1.0, 0.0, 0.031103017834587597, 0.0, 0.0, 1.0, 0.15668137849404895, 0.0, 0.0, 0.0, 1.0], 'Count': 2, 'Time': 1722307719.9573913}, 'Object 5': {'Probability': {'blu': 0.3333333333333333, 'ylw': 0.3333333333333333, 'grn': 0.3333333333333333}, 'Pose': [1.0, 0.0, 0.0, 0.0, 0.0, 1.0, 0.0, 0.0, 0.0, 0.0, 1.0, 0.0, 0.0, 0.0, 0.0, 1.0], 'Count': 3, 'Time': 1722307719.9705565}, 'Object 6': {'Probability': {'blu': 0.5, 'ylw': 0.0, 'grn': 0.5}, 'Pose': [1.0, 0.0, 0.0, 0.08714634747271577, 0.0, 1.0, 0.0, -0.009793195988221133, 0.0, 0.0, 1.0, 0.0916442115840159, 0.0, 0.0, 0.0, 1.0], 'Count': 2, 'Time': 1722307719.9839115}, 'Object 7': {'Probability': {'blu': 0.5, 'ylw': 0.0, 'grn': 0.5}, 'Pose': [1.0, 0.0, 0.0, 0.0964641430048986, 0.0, 1.0, 0.0, 0.03922231768096968, 0.0, 0.0, 1.0, 0.09795000075417407, 0.0, 0.0, 0.0, 1.0], 'Count': 2, 'Time': 1722307719.9971128}, 'Object 8': {'Probability': {'blu': 0.3333333333333333, 'ylw': 0.3333333333333333, 'grn': 0.3333333333333333}, 'Pose': [1.0, 0.0, 0.0, 0.3466801675719551, 0.0, 1.0, 0.0, 0.0007929203838753174, 0.0, 0.0, 1.0, 0.45479396499436475, 0.0, 0.0, 0.0, 1.0], 'Count': 6, 'Time': 1722307720.0123324}, 'Object 9': {'Probability': {'blu': 1.0, 'ylw': 0.0, 'grn': 0.0}, 'Pose': [1.0, 0.0, 0.0, 0.0, 0.0, 1.0, 0.0, 0.0, 0.0, 0.0, 1.0, 0.0, 0.0, 0.0, 0.0, 1.0], 'Count': 1, 'Time': 1722307720.0265896}}, 'cam': [[0.40816237229976626, -0.707139997690373, 0.5773703330662967, -0.4139380127435073], [-0.4082744365228224, -0.7070735602410518, -0.5773724663421489, -0.08801042511279494], [0.8165264614944203, -6.383183485808023e-05, -0.5773080058382163, 0.14048939146145015], [0.0, 0.0, 0.0, 1.0]]}
{'obs': {'Object 1': {'Probability': {'blu': 0.2, 'ylw': 0.6, 'grn': 0.2}, 'Pose': [1.0, 0.0, 0.0, 0.011699194229530306, 0.0, 1.0, 0.0, 0.020322860379915403, 0.0, 0.0, 1.0, 0.22398297218386953, 0.0, 0.0, 0.0, 1.0], 'Count': 5, 'Time': 1722307726.106333}, 'Object 2': {'Probability': {'blu': 0.3333333333333333, 'ylw': 0.16666666666666666, 'grn': 0.5}, 'Pose': [1.0, 0.0, 0.0, 0.06354732253721665, 0.0, 1.0, 0.0, 0.11603847163564308, 0.0, 0.0, 1.0, 0.2966066819170247, 0.0, 0.0, 0.0, 1.0], 'Count': 6, 'Time': 1722307726.1216016}, 'Object 3': {'Probability': {'blu': 0.5, 'ylw': 0.0, 'grn': 0.5}, 'Pose': [1.0, 0.0, 0.0, 0.1563874256984304, 0.0, 1.0, 0.0, 0.0351647161863876, 0.0, 0.0, 1.0, 0.17569402682815674, 0.0, 0.0, 0.0, 1.0], 'Count': 2, 'Time': 1722307726.1368783}, 'Object 4': {'Probability': {'blu': 0.4, 'ylw': 0.2, 'grn': 0.4}, 'Pose': [1.0, 0.0, 0.0, 0.0, 0.0, 1.0, 0.0, 0.0, 0.0, 0.0, 1.0, 0.0, 0.0, 0.0, 0.0, 1.0], 'Count': 5, 'Time': 1722307726.1518357}, 'Object 5': {'Probability': {'blu': 0.3333333333333333, 'ylw': 0.3333333333333333, 'grn': 0.3333333333333333}, 'Pose': [1.0, 0.0, 0.0, 0.36780267484722157, 0.0, 1.0, 0.0, 0.02342896519466003, 0.0, 0.0, 1.0, 0.48113260580145795, 0.0, 0.0, 0.0, 1.0], 'Count': 3, 'Time': 1722307726.166234}, 'Object 6': {'Probability': {'blu': 0.5, 'ylw': 0.0, 'grn': 0.5}, 'Pose': [1.0, 0.0, 0.0, 0.23450368330711605, 0.0, 1.0, 0.0, -0.02355073922223119, 0.0, 0.0, 1.0, 0.24322307682954347, 0.0, 0.0, 0.0, 1.0], 'Count': 2, 'Time': 1722307726.1801043}, 'Object 7': {'Probability': {'blu': 1.0, 'ylw': 0.0, 'grn': 0.0}, 'Pose': [1.0, 0.0, 0.0, 0.17911179386942955, 0.0, 1.0, 0.0, 0.11679619903565756, 0.0, 0.0, 1.0, 0.21553709742523008, 0.0, 0.0, 0.0, 1.0], 'Count': 1, 'Time': 1722307726.1968758}}, 'cam': [[0.40823034274645614, -0.7070970038551668, 0.5773749339901735, -0.41396175797367385], [-0.4082683772926859, -0.7071165570925526, -0.5773240916403648, -0.13802133457428561], [0.8164955109269789, -4.2715583506985934e-05, -0.5773517808160555, 0.14045877938188256], [0.0, 0.0, 0.0, 1.0]]}
{'obs': {'Object 1': {'Probability': {'blu': 0.16666666666666666, 'ylw': 0.5, 'grn': 0.3333333333333333}, 'Pose': [1.0, 0.0, 0.0, -0.009345018921568027, 0.0, 1.0, 0.0, -0.015397798541039995, 0.0, 0.0, 1.0, 0.19519855784157877, 0.0, 0.0, 0.0, 1.0], 'Count': 6, 'Time': 1722307732.2822123}, 'Object 2': {'Probability': {'blu': 0.2, 'ylw': 0.2, 'grn': 0.6}, 'Pose': [1.0, 0.0, 0.0, 0.04118846576487085, 0.0, 1.0, 0.0, 0.08043861213498417, 0.0, 0.0, 1.0, 0.26601800421848215, 0.0, 0.0, 0.0, 1.0], 'Count': 5, 'Time': 1722307732.2959437}, 'Object 3': {'Probability': {'blu': 0.5, 'ylw': 0.0, 'grn': 0.5}, 'Pose': [1.0, 0.0, 0.0, 0.19417372302702007, 0.0, 1.0, 0.0, 0.04717642976146489, 0.0, 0.0, 1.0, 0.2257695062761451, 0.0, 0.0, 0.0, 1.0], 'Count': 2, 'Time': 1722307732.309398}, 'Object 4': {'Probability': {'blu': 0.5, 'ylw': 0.25, 'grn': 0.25}, 'Pose': [1.0, 0.0, 0.0, 0.0, 0.0, 1.0, 0.0, 0.0, 0.0, 0.0, 1.0, 0.0, 0.0, 0.0, 0.0, 1.0], 'Count': 4, 'Time': 1722307732.3224194}, 'Object 5': {'Probability': {'blu': 0.5, 'ylw': 0.25, 'grn': 0.25}, 'Pose': [1.0, 0.0, 0.0, 0.3663481389567801, 0.0, 1.0, 0.0, -0.006583713608009434, 0.0, 0.0, 1.0, 0.4788100004196167, 0.0, 0.0, 0.0, 1.0], 'Count': 4, 'Time': 1722307732.3356426}, 'Object 6': {'Probability': {'blu': 1.0, 'ylw': 0.0, 'grn': 0.0}, 'Pose': [1.0, 0.0, 0.0, 0.0, 0.0, 1.0, 0.0, 0.0, 0.0, 0.0, 1.0, 0.0, 0.0, 0.0, 0.0, 1.0], 'Count': 1, 'Time': 1722307732.3487844}}, 'cam': [[0.40824711971474886, -0.7070824941093646, 0.5773808411860336, -0.41395583505561195], [-0.4082390421425796, -0.7071310672181715, -0.5773270634964197, -0.1880527362121287], [0.8165017903930895, -1.7290751475879142e-05, -0.577342901563628, 0.14045666013065194], [0.0, 0.0, 0.0, 1.0]]}
{'obs': {'Object 1': {'Probability': {'blu': 0.2, 'ylw': 0.6, 'grn': 0.2}, 'Pose': [1.0, 0.0, 0.0, -0.02937103019319928, 0.0, 1.0, 0.0, -0.05160444023408455, 0.0, 0.0, 1.0, 0.1675447713479496, 0.0, 0.0, 0.0, 1.0], 'Count': 5, 'Time': 1722307738.3881187}, 'Object 2': {'Probability': {'blu': 0.2, 'ylw': 0.2, 'grn': 0.6}, 'Pose': [1.0, 0.0, 0.0, 0.022285561790389718, 0.0, 1.0, 0.0, 0.04522720995182378, 0.0, 0.0, 1.0, 0.23836212882130678, 0.0, 0.0, 0.0, 1.0], 'Count': 5, 'Time': 1722307738.4015868}, 'Object 3': {'Probability': {'blu': 0.5, 'ylw': 0.0, 'grn': 0.5}, 'Pose': [1.0, 0.0, 0.0, 0.26226220279538875, 0.0, 1.0, 0.0, 0.06276278123317558, 0.0, 0.0, 1.0, 0.31645009851116096, 0.0, 0.0, 0.0, 1.0], 'Count': 2, 'Time': 1722307738.4166956}, 'Object 4': {'Probability': {'blu': 0.5, 'ylw': 0.3333333333333333, 'grn': 0.16666666666666666}, 'Pose': [1.0, 0.0, 0.0, 0.0, 0.0, 1.0, 0.0, 0.0, 0.0, 0.0, 1.0, 0.0, 0.0, 0.0, 0.0, 1.0], 'Count': 6, 'Time': 1722307738.4303517}, 'Object 5': {'Probability': {'blu': 0.5, 'ylw': 0.0, 'grn': 0.5}, 'Pose': [1.0, 0.0, 0.0, 0.09521355840819655, 0.0, 1.0, 0.0, -0.013370753917069407, 0.0, 0.0, 1.0, 0.10348888983329137, 0.0, 0.0, 0.0, 1.0], 'Count': 2, 'Time': 1722307738.4444087}, 'Object 6': {'Probability': {'blu': 0.3333333333333333, 'ylw': 0.3333333333333333, 'grn': 0.3333333333333333}, 'Pose': [1.0, 0.0, 0.0, 0.0, 0.0, 1.0, 0.0, 0.0, 0.0, 0.0, 1.0, 0.0, 0.0, 0.0, 0.0, 1.0], 'Count': 3, 'Time': 1722307738.4576974}, 'Object 7': {'Probability': {'blu': 1.0, 'ylw': 0.0, 'grn': 0.0}, 'Pose': [1.0, 0.0, 0.0, 0.0, 0.0, 1.0, 0.0, 0.0, 0.0, 0.0, 1.0, 0.0, 0.0, 0.0, 0.0, 1.0], 'Count': 1, 'Time': 1722307738.4708219}}, 'cam': [[0.40834497787143514, -0.70707285890357, 0.5773234372941298, -0.41396673862671873], [-0.4082742750162322, -0.7071407013150228, -0.5772903471422911, -0.23803306944512825], [0.8164352365051047, 2.730621807179309e-05, -0.5774370128829842, 0.1405137807342926], [0.0, 0.0, 0.0, 1.0]]}
{'obs': {'Object 1': {'Probability': {'blu': 0.2, 'ylw': 0.2, 'grn': 0.6}, 'Pose': [1.0, 0.0, 0.0, 0.0009192007231771755, 0.0, 1.0, 0.0, 0.009636751440205996, 0.0, 0.0, 1.0, 0.2084478860162506, 0.0, 0.0, 0.0, 1.0], 'Count': 5, 'Time': 1722307744.6315439}, 'Object 2': {'Probability': {'blu': 0.5, 'ylw': 0.0, 'grn': 0.5}, 'Pose': [1.0, 0.0, 0.0, 0.12985823452944772, 0.0, 1.0, 0.0, 0.02792213458371723, 0.0, 0.0, 1.0, 0.13820595303106875, 0.0, 0.0, 0.0, 1.0], 'Count': 2, 'Time': 1722307744.6450896}, 'Object 3': {'Probability': {'blu': 0.3333333333333333, 'ylw': 0.3333333333333333, 'grn': 0.3333333333333333}, 'Pose': [1.0, 0.0, 0.0, -0.050583291315903105, 0.0, 1.0, 0.0, -0.07746620481024717, 0.0, 0.0, 1.0, 0.15197107214618358, 0.0, 0.0, 0.0, 1.0], 'Count': 3, 'Time': 1722307744.658548}, 'Object 4': {'Probability': {'blu': 0.4, 'ylw': 0.4, 'grn': 0.2}, 'Pose': [1.0, 0.0, 0.0, 0.0, 0.0, 1.0, 0.0, 0.0, 0.0, 0.0, 1.0, 0.0, 0.0, 0.0, 0.0, 1.0], 'Count': 5, 'Time': 1722307744.6717412}, 'Object 5': {'Probability': {'blu': 0.3333333333333333, 'ylw': 0.3333333333333333, 'grn': 0.3333333333333333}, 'Pose': [1.0, 0.0, 0.0, 0.3505020952117975, 0.0, 1.0, 0.0, -0.003055465046493921, 0.0, 0.0, 1.0, 0.45937241305565013, 0.0, 0.0, 0.0, 1.0], 'Count': 3, 'Time': 1722307744.6851358}, 'Object 6': {'Probability': {'blu': 1.0, 'ylw': 0.0, 'grn': 0.0}, 'Pose': [1.0, 0.0, 0.0, 0.0, 0.0, 1.0, 0.0, 0.0, 0.0, 0.0, 1.0, 0.0, 0.0, 0.0, 0.0, 1.0], 'Count': 1, 'Time': 1722307744.6982765}}, 'cam': [[0.40817492170262915, -0.7071232687621579, 0.5773819498981361, -0.4139326892886682], [-0.4082589205243135, -0.7070902909886818, -0.5773629484144822, -0.288058617470775], [0.8165279463100912, -5.625533255581575e-05, -0.5773059065434569, 0.14046951796916185], [0.0, 0.0, 0.0, 1.0]]}
{'obs': {'Object 1': {'Probability': {'blu': 0.2857142857142857, 'ylw': 0.14285714285714285, 'grn': 0.5714285714285714}, 'Pose': [1.0, 0.0, 0.0, -0.019418656117838256, 0.0, 1.0, 0.0, -0.027872068389025603, 0.0, 0.0, 1.0, 0.18047229147872038, 0.0, 0.0, 0.0, 1.0], 'Count': 7, 'Time': 1722307750.7405481}, 'Object 2': {'Probability': {'blu': 1.0, 'ylw': 0.0, 'grn': 0.0}, 'Pose': [1.0, 0.0, 0.0, 0.1499869210744823, 0.0, 1.0, 0.0, 0.03267583213694244, 0.0, 0.0, 1.0, 0.16545124489128293, 0.0, 0.0, 0.0, 1.0], 'Count': 1, 'Time': 1722307750.7540348}}, 'cam': [[0.40828251401082133, -0.7070802150027966, 0.5773586045990846, -0.41394386237751923], [-0.4082320436915187, -0.7071333461644486, -0.5773292208486557, -0.33803450406671953], [0.8164875916120521, 1.714260163011013e-05, -0.5773629815373357, 0.14046132123068947], [0.0, 0.0, 0.0, 1.0]]}
{'obs': {'Object 1': {'Probability': {'blu': 0.4, 'ylw': 0.2, 'grn': 0.4}, 'Pose': [1.0, 0.0, 0.0, -0.03923903393020159, 0.0, 1.0, 0.0, -0.06272619570449076, 0.0, 0.0, 1.0, 0.15210579668743693, 0.0, 0.0, 0.0, 1.0], 'Count': 5, 'Time': 1722307756.8816097}, 'Object 2': {'Probability': {'blu': 0.4, 'ylw': 0.4, 'grn': 0.2}, 'Pose': [1.0, 0.0, 0.0, 0.0, 0.0, 1.0, 0.0, 0.0, 0.0, 0.0, 1.0, 0.0, 0.0, 0.0, 0.0, 1.0], 'Count': 5, 'Time': 1722307756.8985453}, 'Object 3': {'Probability': {'blu': 0.5, 'ylw': 0.0, 'grn': 0.5}, 'Pose': [1.0, 0.0, 0.0, 0.1339432943906452, 0.0, 1.0, 0.0, 0.025433734044080628, 0.0, 0.0, 1.0, 0.14485447245993113, 0.0, 0.0, 0.0, 1.0], 'Count': 2, 'Time': 1722307756.91404}, 'Object 4': {'Probability': {'blu': 0.5, 'ylw': 0.0, 'grn': 0.5}, 'Pose': [1.0, 0.0, 0.0, 0.0, 0.0, 1.0, 0.0, 0.0, 0.0, 0.0, 1.0, 0.0, 0.0, 0.0, 0.0, 1.0], 'Count': 2, 'Time': 1722307756.930899}, 'Object 5': {'Probability': {'blu': 0.5, 'ylw': 0.0, 'grn': 0.5}, 'Pose': [1.0, 0.0, 0.0, 0.10877397857843012, 0.0, 1.0, 0.0, -0.019898556059534105, 0.0, 0.0, 1.0, 0.11621147418608431, 0.0, 0.0, 0.0, 1.0], 'Count': 2, 'Time': 1722307756.9462729}, 'Object 6': {'Probability': {'blu': 0.5, 'ylw': 0.0, 'grn': 0.5}, 'Pose': [1.0, 0.0, 0.0, 0.11258135474862986, 0.0, 1.0, 0.0, 0.05746178779633056, 0.0, 0.0, 1.0, 0.11452499870210886, 0.0, 0.0, 0.0, 1.0], 'Count': 2, 'Time': 1722307756.9604957}, 'Object 7': {'Probability': {'blu': 0.5, 'ylw': 0.0, 'grn': 0.5}, 'Pose': [1.0, 0.0, 0.0, -0.040708412197110334, 0.0, 1.0, 0.0, -0.05253319936716705, 0.0, 0.0, 1.0, 0.14588078044291944, 0.0, 0.0, 0.0, 1.0], 'Count': 2, 'Time': 1722307756.9775445}, 'Object 8': {'Probability': {'blu': 1.0, 'ylw': 0.0, 'grn': 0.0}, 'Pose': [1.0, 0.0, 0.0, 0.0, 0.0, 1.0, 0.0, 0.0, 0.0, 0.0, 1.0, 0.0, 0.0, 0.0, 0.0, 1.0], 'Count': 1, 'Time': 1722307756.9926152}}, 'cam': [[0.4081749285655201, -0.7070553554927653, 0.5774651088676541, -0.4139022374266841], [-0.40826346429131816, -0.707158191540968, -0.577276567912954, -0.38804764165310146], [0.8165256710081957, -0.00012808398325291908, -0.5773091131959627, 0.14044004745905037], [0.0, 0.0, 0.0, 1.0]]}
{'obs': {'Object 1': {'Probability': {'blu': 0.5, 'ylw': 0.0, 'grn': 0.5}, 'Pose': [1.0, 0.0, 0.0, 0.1324887450410399, 0.0, 1.0, 0.0, 0.028311894711852185, 0.0, 0.0, 1.0, 0.14237149996683002, 0.0, 0.0, 0.0, 1.0], 'Count': 2, 'Time': 1722307763.0019405}, 'Object 2': {'Probability': {'blu': 0.3333333333333333, 'ylw': 0.3333333333333333, 'grn': 0.3333333333333333}, 'Pose': [1.0, 0.0, 0.0, 0.0, 0.0, 1.0, 0.0, 0.0, 0.0, 0.0, 1.0, 0.0, 0.0, 0.0, 0.0, 1.0], 'Count': 6, 'Time': 1722307763.016308}, 'Object 3': {'Probability': {'blu': 0.5, 'ylw': 0.0, 'grn': 0.5}, 'Pose': [1.0, 0.0, 0.0, 0.2374274191757184, 0.0, 1.0, 0.0, -0.07792111698012741, 0.0, 0.0, 1.0, 0.2989227261732925, 0.0, 0.0, 0.0, 1.0], 'Count': 2, 'Time': 1722307763.0304148}, 'Object 4': {'Probability': {'blu': 0.5, 'ylw': 0.0, 'grn': 0.5}, 'Pose': [1.0, 0.0, 0.0, 0.18932906442986053, 0.0, 1.0, 0.0, 0.10828084617053303, 0.0, 0.0, 1.0, 0.2200145171053948, 0.0, 0.0, 0.0, 1.0], 'Count': 4, 'Time': 1722307763.0441904}, 'Object 5': {'Probability': {'blu': 0.3333333333333333, 'ylw': 0.0, 'grn': 0.6666666666666666}, 'Pose': [1.0, 0.0, 0.0, 0.0, 0.0, 1.0, 0.0, 0.0, 0.0, 0.0, 1.0, 0.0, 0.0, 0.0, 0.0, 1.0], 'Count': 3, 'Time': 1722307763.0575216}, 'Object 6': {'Probability': {'blu': 1.0, 'ylw': 0.0, 'grn': 0.0}, 'Pose': [1.0, 0.0, 0.0, 0.0, 0.0, 1.0, 0.0, 0.0, 0.0, 0.0, 1.0, 0.0, 0.0, 0.0, 0.0, 1.0], 'Count': 1, 'Time': 1722307763.070746}}, 'cam': [[0.40818913684263985, -0.7071164678791766, 0.5773802295002297, -0.413958901325969], [-0.40831256792989107, -0.7070970876798622, -0.577316685593926, -0.43799484631284297], [0.8164940143284332, -9.720460175016158e-05, -0.5773538907092479, 0.140439732630995], [0.0, 0.0, 0.0, 1.0]]}
{'obs': {'Object 1': {'Probability': {'blu': 0.3333333333333333, 'ylw': 0.3333333333333333, 'grn': 0.3333333333333333}, 'Pose': [1.0, 0.0, 0.0, 0.0, 0.0, 1.0, 0.0, 0.0, 0.0, 0.0, 1.0, 0.0, 0.0, 0.0, 0.0, 1.0], 'Count': 6, 'Time': 1722307769.217685}, 'Object 2': {'Probability': {'blu': 0.5, 'ylw': 0.0, 'grn': 0.5}, 'Pose': [1.0, 0.0, 0.0, 0.24971933691406295, 0.0, 1.0, 0.0, 0.050387536226938104, 0.0, 0.0, 1.0, 0.3036680010259151, 0.0, 0.0, 0.0, 1.0], 'Count': 2, 'Time': 1722307769.2310607}, 'Object 3': {'Probability': {'blu': 0.5, 'ylw': 0.0, 'grn': 0.5}, 'Pose': [1.0, 0.0, 0.0, 0.0, 0.0, 1.0, 0.0, 0.0, 0.0, 0.0, 1.0, 0.0, 0.0, 0.0, 0.0, 1.0], 'Count': 2, 'Time': 1722307769.2444904}, 'Object 4': {'Probability': {'blu': 0.2, 'ylw': 0.4, 'grn': 0.4}, 'Pose': [1.0, 0.0, 0.0, 0.0, 0.0, 1.0, 0.0, 0.0, 0.0, 0.0, 1.0, 0.0, 0.0, 0.0, 0.0, 1.0], 'Count': 5, 'Time': 1722307769.2577617}, 'Object 5': {'Probability': {'blu': 0.3333333333333333, 'ylw': 0.0, 'grn': 0.6666666666666666}, 'Pose': [1.0, 0.0, 0.0, 0.0, 0.0, 1.0, 0.0, 0.0, 0.0, 0.0, 1.0, 0.0, 0.0, 0.0, 0.0, 1.0], 'Count': 3, 'Time': 1722307769.271088}, 'Object 6': {'Probability': {'blu': 1.0, 'ylw': 0.0, 'grn': 0.0}, 'Pose': [1.0, 0.0, 0.0, 0.09303386777190353, 0.0, 1.0, 0.0, 0.03668513134914251, 0.0, 0.0, 1.0, 0.09395425639888073, 0.0, 0.0, 0.0, 1.0], 'Count': 1, 'Time': 1722307769.2844694}}, 'cam': [[0.408269330005581, -0.707142085983048, 0.5772921482302853, -0.4139778753407318], [-0.4082616980281651, -0.7070714733847008, -0.5773840294368624, -0.4880207446720354], [0.8164793568118873, 4.191815928700767e-05, -0.5773746254754488, 0.14048655047246433], [0.0, 0.0, 0.0, 1.0]]}
{'obs': {'Object 1': {'Probability': {'blu': 0.3333333333333333, 'ylw': 0.3333333333333333, 'grn': 0.3333333333333333}, 'Pose': [1.0, 0.0, 0.0, 0.0, 0.0, 1.0, 0.0, 0.0, 0.0, 0.0, 1.0, 0.0, 0.0, 0.0, 0.0, 1.0], 'Count': 6, 'Time': 1722307775.3218617}, 'Object 2': {'Probability': {'blu': 0.5, 'ylw': 0.0, 'grn': 0.5}, 'Pose': [1.0, 0.0, 0.0, 0.1204872560173412, 0.0, 1.0, 0.0, 0.018273690759079222, 0.0, 0.0, 1.0, 0.1293874094871574, 0.0, 0.0, 0.0, 1.0], 'Count': 2, 'Time': 1722307775.3351324}, 'Object 3': {'Probability': {'blu': 1.0, 'ylw': 0.0, 'grn': 0.0}, 'Pose': [1.0, 0.0, 0.0, 0.0, 0.0, 1.0, 0.0, 0.0, 0.0, 0.0, 1.0, 0.0, 0.0, 0.0, 0.0, 1.0], 'Count': 1, 'Time': 1722307775.3482301}}, 'cam': [[0.40822329255334516, -0.7070636760169513, 0.5774207317669688, -0.4139332458441919], [-0.40832792161793047, -0.7071498710862795, -0.5772411699193325, -0.5380258922509668], [0.8164692595830461, -0.0001337163196959923, -0.5773888899830499, 0.1404417516315745], [0.0, 0.0, 0.0, 1.0]]}
{'obs': {'Object 1': {'Probability': {'blu': 0.3333333333333333, 'ylw': 0.3333333333333333, 'grn': 0.3333333333333333}, 'Pose': [1.0, 0.0, 0.0, 0.0, 0.0, 1.0, 0.0, 0.0, 0.0, 0.0, 1.0, 0.0, 0.0, 0.0, 0.0, 1.0], 'Count': 6, 'Time': 1722307781.5419123}, 'Object 2': {'Probability': {'blu': 0.5, 'ylw': 0.0, 'grn': 0.5}, 'Pose': [1.0, 0.0, 0.0, 0.14754580994273306, 0.0, 1.0, 0.0, 0.028236724556502103, 0.0, 0.0, 1.0, 0.16141301173582134, 0.0, 0.0, 0.0, 1.0], 'Count': 2, 'Time': 1722307781.5554614}, 'Object 3': {'Probability': {'blu': 0.3333333333333333, 'ylw': 0.3333333333333333, 'grn': 0.3333333333333333}, 'Pose': [1.0, 0.0, 0.0, 0.0, 0.0, 1.0, 0.0, 0.0, 0.0, 0.0, 1.0, 0.0, 0.0, 0.0, 0.0, 1.0], 'Count': 3, 'Time': 1722307781.5689034}, 'Object 4': {'Probability': {'blu': 0.3333333333333333, 'ylw': 0.3333333333333333, 'grn': 0.3333333333333333}, 'Pose': [1.0, 0.0, 0.0, 0.09089722302684217, 0.0, 1.0, 0.0, 0.036146786925555945, 0.0, 0.0, 1.0, 0.09209491691346895, 0.0, 0.0, 0.0, 1.0], 'Count': 3, 'Time': 1722307781.5825183}, 'Object 5': {'Probability': {'blu': 0.5, 'ylw': 0.0, 'grn': 0.5}, 'Pose': [1.0, 0.0, 0.0, 0.2851662763948747, 0.0, 1.0, 0.0, -0.0892541600773968, 0.0, 0.0, 1.0, 0.2898999945870761, 0.0, 0.0, 0.0, 1.0], 'Count': 2, 'Time': 1722307781.5960073}, 'Object 6': {'Probability': {'blu': 0.5, 'ylw': 0.0, 'grn': 0.5}, 'Pose': [1.0, 0.0, 0.0, 0.0, 0.0, 1.0, 0.0, 0.0, 0.0, 0.0, 1.0, 0.0, 0.0, 0.0, 0.0, 1.0], 'Count': 2, 'Time': 1722307781.6104472}, 'Object 7': {'Probability': {'blu': 0.3333333333333333, 'ylw': 0.3333333333333333, 'grn': 0.3333333333333333}, 'Pose': [1.0, 0.0, 0.0, 0.0, 0.0, 1.0, 0.0, 0.0, 0.0, 0.0, 1.0, 0.0, 0.0, 0.0, 0.0, 1.0], 'Count': 3, 'Time': 1722307781.6256132}, 'Object 8': {'Probability': {'blu': 0.3333333333333333, 'ylw': 0.3333333333333333, 'grn': 0.3333333333333333}, 'Pose': [1.0, 0.0, 0.0, 0.0, 0.0, 1.0, 0.0, 0.0, 0.0, 0.0, 1.0, 0.0, 0.0, 0.0, 0.0, 1.0], 'Count': 3, 'Time': 1722307781.6387546}, 'Object 9': {'Probability': {'blu': 1.0, 'ylw': 0.0, 'grn': 0.0}, 'Pose': [1.0, 0.0, 0.0, 0.17781855009072137, 0.0, 1.0, 0.0, -0.18155430918042456, 0.0, 0.0, 1.0, 0.47244728147416276, 0.0, 0.0, 0.0, 1.0], 'Count': 1, 'Time': 1722307781.6519647}}, 'cam': [[0.4082150424795747, -0.7070941160129732, 0.5773892882563989, -0.4139493528856972], [-0.4082489751940727, -0.7071194448830098, -0.577334274854121, -0.5880519713223739], [0.8165128617152266, -4.2049684220218966e-05, -0.5773272424591059, 0.14045136303952546], [0.0, 0.0, 0.0, 1.0]]}
{'obs': {'Object 1': {'Probability': {'blu': 0.16666666666666666, 'ylw': 0.16666666666666666, 'grn': 0.6666666666666666}, 'Pose': [1.0, 0.0, 0.0, 0.10061063315931985, 0.0, 1.0, 0.0, 0.14895367843520396, 0.0, 0.0, 1.0, 0.40848637856128633, 0.0, 0.0, 0.0, 1.0], 'Count': 6, 'Time': 1722307789.6737914}, 'Object 2': {'Probability': {'blu': 0.16666666666666666, 'ylw': 0.6666666666666666, 'grn': 0.16666666666666666}, 'Pose': [1.0, 0.0, 0.0, 0.03909820683836188, 0.0, 1.0, 0.0, 0.05733913091933709, 0.0, 0.0, 1.0, 0.3528526974486386, 0.0, 0.0, 0.0, 1.0], 'Count': 6, 'Time': 1722307789.6869266}, 'Object 3': {'Probability': {'blu': 0.3333333333333333, 'ylw': 0.3333333333333333, 'grn': 0.3333333333333333}, 'Pose': [1.0, 0.0, 0.0, 0.09072550428247912, 0.0, 1.0, 0.0, 0.05254427408413431, 0.0, 0.0, 1.0, 0.09424285803522382, 0.0, 0.0, 0.0, 1.0], 'Count': 3, 'Time': 1722307789.700128}, 'Object 4': {'Probability': {'blu': 0.3333333333333333, 'ylw': 0.3333333333333333, 'grn': 0.3333333333333333}, 'Pose': [1.0, 0.0, 0.0, 0.0, 0.0, 1.0, 0.0, 0.0, 0.0, 0.0, 1.0, 0.0, 0.0, 0.0, 0.0, 1.0], 'Count': 6, 'Time': 1722307789.7130823}, 'Object 5': {'Probability': {'blu': 0.3333333333333333, 'ylw': 0.3333333333333333, 'grn': 0.3333333333333333}, 'Pose': [1.0, 0.0, 0.0, 0.1434076314704546, 0.0, 1.0, 0.0, -0.17116503899304888, 0.0, 0.0, 1.0, 0.338741555220958, 0.0, 0.0, 0.0, 1.0], 'Count': 3, 'Time': 1722307789.7264526}, 'Object 6': {'Probability': {'blu': 1.0, 'ylw': 0.0, 'grn': 0.0}, 'Pose': [1.0, 0.0, 0.0, 0.0, 0.0, 1.0, 0.0, 0.0, 0.0, 0.0, 1.0, 0.0, 0.0, 0.0, 0.0, 1.0], 'Count': 2, 'Time': 1722307789.7394955}, 'Object 7': {'Probability': {'blu': 1.0, 'ylw': 0.0, 'grn': 0.0}, 'Pose': [1.0, 0.0, 0.0, 0.0, 0.0, 1.0, 0.0, 0.0, 0.0, 0.0, 1.0, 0.0, 0.0, 0.0, 0.0, 1.0], 'Count': 1, 'Time': 1722307789.7524385}}, 'cam': [[0.5145197220897098, -0.7071212894784433, 0.4850246772557779, -0.4420152880407443], [-0.514511973558247, -0.7070922719710242, -0.48507519827760026, -0.05994453658476477], [0.685964200702869, 2.9752291079584622e-05, -0.7276352894609189, 0.24653314634238566], [0.0, 0.0, 0.0, 1.0]]}
{'obs': {'Object 1': {'Probability': {'blu': 0.3333333333333333, 'ylw': 0.16666666666666666, 'grn': 0.5}, 'Pose': [1.0, 0.0, 0.0, 0.07535785948139308, 0.0, 1.0, 0.0, 0.11408597634255058, 0.0, 0.0, 1.0, 0.3821399450521814, 0.0, 0.0, 0.0, 1.0], 'Count': 6, 'Time': 1722307795.793501}, 'Object 2': {'Probability': {'blu': 0.2, 'ylw': 0.6, 'grn': 0.2}, 'Pose': [1.0, 0.0, 0.0, 0.012693975154960933, 0.0, 1.0, 0.0, 0.020481884621098144, 0.0, 0.0, 1.0, 0.3254754630117685, 0.0, 0.0, 0.0, 1.0], 'Count': 5, 'Time': 1722307795.807311}, 'Object 3': {'Probability': {'blu': 0.6666666666666666, 'ylw': 0.0, 'grn': 0.3333333333333333}, 'Pose': [1.0, 0.0, 0.0, 0.0, 0.0, 1.0, 0.0, 0.0, 0.0, 0.0, 1.0, 0.0, 0.0, 0.0, 0.0, 1.0], 'Count': 3, 'Time': 1722307795.8208866}, 'Object 4': {'Probability': {'blu': 0.3333333333333333, 'ylw': 0.3333333333333333, 'grn': 0.3333333333333333}, 'Pose': [1.0, 0.0, 0.0, 0.0, 0.0, 1.0, 0.0, 0.0, 0.0, 0.0, 1.0, 0.0, 0.0, 0.0, 0.0, 1.0], 'Count': 6, 'Time': 1722307795.834244}, 'Object 5': {'Probability': {'blu': 0.3333333333333333, 'ylw': 0.3333333333333333, 'grn': 0.3333333333333333}, 'Pose': [1.0, 0.0, 0.0, 0.090947468779261, 0.0, 1.0, 0.0, 0.04884345198819645, 0.0, 0.0, 1.0, 0.09402380670819964, 0.0, 0.0, 0.0, 1.0], 'Count': 3, 'Time': 1722307795.847359}, 'Object 6': {'Probability': {'blu': 1.0, 'ylw': 0.0, 'grn': 0.0}, 'Pose': [1.0, 0.0, 0.0, 0.2844364134875284, 0.0, 1.0, 0.0, 0.10555398314317259, 0.0, 0.0, 1.0, 0.33605000376701355, 0.0, 0.0, 0.0, 1.0], 'Count': 1, 'Time': 1722307795.8613439}}, 'cam': [[0.5144924224173988, -0.7071365057495266, 0.4850314520847351, -0.4420021922563193], [-0.5145316319763488, -0.7070770553616736, -0.4850765274436814, -0.10999191910456156], [0.6859699315355104, 4.173061302611599e-06, -0.7276298873821448, 0.24655967521784541], [0.0, 0.0, 0.0, 1.0]]}
{'obs': {'Object 1': {'Probability': {'blu': 0.2, 'ylw': 0.6, 'grn': 0.2}, 'Pose': [1.0, 0.0, 0.0, -0.013858037941150939, 0.0, 1.0, 0.0, -0.015555958276229449, 0.0, 0.0, 1.0, 0.30142488847061166, 0.0, 0.0, 0.0, 1.0], 'Count': 5, 'Time': 1722307801.910498}, 'Object 2': {'Probability': {'blu': 0.5, 'ylw': 0.0, 'grn': 0.5}, 'Pose': [1.0, 0.0, 0.0, 0.0, 0.0, 1.0, 0.0, 0.0, 0.0, 0.0, 1.0, 0.0, 0.0, 0.0, 0.0, 1.0], 'Count': 2, 'Time': 1722307801.9236867}, 'Object 3': {'Probability': {'blu': 0.16666666666666666, 'ylw': 0.16666666666666666, 'grn': 0.6666666666666666}, 'Pose': [1.0, 0.0, 0.0, 0.050276790921610096, 0.0, 1.0, 0.0, 0.08032451282213397, 0.0, 0.0, 1.0, 0.3610125782463369, 0.0, 0.0, 0.0, 1.0], 'Count': 6, 'Time': 1722307801.937013}, 'Object 4': {'Probability': {'blu': 0.3333333333333333, 'ylw': 0.3333333333333333, 'grn': 0.3333333333333333}, 'Pose': [1.0, 0.0, 0.0, 0.35714814263515104, 0.0, 1.0, 0.0, 0.19575855887362792, 0.0, 0.0, 1.0, 0.42403081940405024, 0.0, 0.0, 0.0, 1.0], 'Count': 3, 'Time': 1722307801.9505107}, 'Object 5': {'Probability': {'blu': 0.3333333333333333, 'ylw': 0.3333333333333333, 'grn': 0.3333333333333333}, 'Pose': [1.0, 0.0, 0.0, 0.0, 0.0, 1.0, 0.0, 0.0, 0.0, 0.0, 1.0, 0.0, 0.0, 0.0, 0.0, 1.0], 'Count': 3, 'Time': 1722307801.963691}, 'Object 6': {'Probability': {'blu': 0.5, 'ylw': 0.0, 'grn': 0.5}, 'Pose': [1.0, 0.0, 0.0, 0.0, 0.0, 1.0, 0.0, 0.0, 0.0, 0.0, 1.0, 0.0, 0.0, 0.0, 0.0, 1.0], 'Count': 2, 'Time': 1722307801.9767127}, 'Object 7': {'Probability': {'blu': 0.5, 'ylw': 0.0, 'grn': 0.5}, 'Pose': [1.0, 0.0, 0.0, 0.0, 0.0, 1.0, 0.0, 0.0, 0.0, 0.0, 1.0, 0.0, 0.0, 0.0, 0.0, 1.0], 'Count': 2, 'Time': 1722307801.9899142}, 'Object 8': {'Probability': {'blu': 1.0, 'ylw': 0.0, 'grn': 0.0}, 'Pose': [1.0, 0.0, 0.0, 0.0, 0.0, 1.0, 0.0, 0.0, 0.0, 0.0, 1.0, 0.0, 0.0, 0.0, 0.0, 1.0], 'Count': 1, 'Time': 1722307802.0031033}}, 'cam': [[0.5144485744094356, -0.7071278421140624, 0.4850905886483565, -0.4420444729814211], [-0.5144718621294687, -0.7070857195910423, -0.48512729074692856, -0.15999189655366947], [0.6860476421977824, 7.584688469105718e-06, -0.7275566181248961, 0.2465101554313302], [0.0, 0.0, 0.0, 1.0]]}
{'obs': {'Object 1': {'Probability': {'blu': 0.25, 'ylw': 0.5, 'grn': 0.25}, 'Pose': [1.0, 0.0, 0.0, -0.04055608194918085, 0.0, 1.0, 0.0, -0.051905763053965034, 0.0, 0.0, 1.0, 0.2780736895381045, 0.0, 0.0, 0.0, 1.0], 'Count': 4, 'Time': 1722307808.0610123}, 'Object 2': {'Probability': {'blu': 0.2, 'ylw': 0.2, 'grn': 0.6}, 'Pose': [1.0, 0.0, 0.0, 0.02329499705280338, 0.0, 1.0, 0.0, 0.044874569330783216, 0.0, 0.0, 1.0, 0.3351545779607927, 0.0, 0.0, 0.0, 1.0], 'Count': 5, 'Time': 1722307808.075485}, 'Object 3': {'Probability': {'blu': 0.6666666666666666, 'ylw': 0.0, 'grn': 0.3333333333333333}, 'Pose': [1.0, 0.0, 0.0, 0.0, 0.0, 1.0, 0.0, 0.0, 0.0, 0.0, 1.0, 0.0, 0.0, 0.0, 0.0, 1.0], 'Count': 3, 'Time': 1722307808.0902066}, 'Object 4': {'Probability': {'blu': 0.3333333333333333, 'ylw': 0.3333333333333333, 'grn': 0.3333333333333333}, 'Pose': [1.0, 0.0, 0.0, 0.0, 0.0, 1.0, 0.0, 0.0, 0.0, 0.0, 1.0, 0.0, 0.0, 0.0, 0.0, 1.0], 'Count': 3, 'Time': 1722307808.106157}, 'Object 5': {'Probability': {'blu': 1.0, 'ylw': 0.0, 'grn': 0.0}, 'Pose': [1.0, 0.0, 0.0, 0.291366861739426, 0.0, 1.0, 0.0, 0.1568010387500908, 0.0, 0.0, 1.0, 0.33738133271535237, 0.0, 0.0, 0.0, 1.0], 'Count': 1, 'Time': 1722307808.121009}}, 'cam': [[0.5144011260410777, -0.707142178491158, 0.48512000672663524, -0.4420232076811418], [-0.5145237677754002, -0.7070713783090163, -0.48509314401503795, -0.2100017559605608], [0.6860442944314002, -7.33141680736436e-05, -0.7275597712237498, 0.24652033173658225], [0.0, 0.0, 0.0, 1.0]]}
{'obs': {'Object 1': {'Probability': {'blu': 0.16666666666666666, 'ylw': 0.5, 'grn': 0.3333333333333333}, 'Pose': [1.0, 0.0, 0.0, -0.06676584580069658, 0.0, 1.0, 0.0, -0.08715103611876648, 0.0, 0.0, 1.0, 0.2516255265459664, 0.0, 0.0, 0.0, 1.0], 'Count': 6, 'Time': 1722307814.19636}, 'Object 2': {'Probability': {'blu': 0.2857142857142857, 'ylw': 0.14285714285714285, 'grn': 0.5714285714285714}, 'Pose': [1.0, 0.0, 0.0, -0.002178664295605796, 0.0, 1.0, 0.0, 0.008543169531646196, 0.0, 0.0, 1.0, 0.3117625181712861, 0.0, 0.0, 0.0, 1.0], 'Count': 7, 'Time': 1722307814.2118258}, 'Object 3': {'Probability': {'blu': 1.0, 'ylw': 0.0, 'grn': 0.0}, 'Pose': [1.0, 0.0, 0.0, 0.0, 0.0, 1.0, 0.0, 0.0, 0.0, 0.0, 1.0, 0.0, 0.0, 0.0, 0.0, 1.0], 'Count': 2, 'Time': 1722307814.2289526}, 'Object 4': {'Probability': {'blu': 0.5, 'ylw': 0.25, 'grn': 0.25}, 'Pose': [1.0, 0.0, 0.0, 0.0, 0.0, 1.0, 0.0, 0.0, 0.0, 0.0, 1.0, 0.0, 0.0, 0.0, 0.0, 1.0], 'Count': 4, 'Time': 1722307814.2454362}, 'Object 5': {'Probability': {'blu': 0.5, 'ylw': 0.5, 'grn': 0.0}, 'Pose': [1.0, 0.0, 0.0, 0.40309832011501984, 0.0, 1.0, 0.0, 0.21363910390695792, 0.0, 0.0, 1.0, 0.4693999985853831, 0.0, 0.0, 0.0, 1.0], 'Count': 2, 'Time': 1722307814.2598546}, 'Object 6': {'Probability': {'blu': 1.0, 'ylw': 0.0, 'grn': 0.0}, 'Pose': [1.0, 0.0, 0.0, 0.0, 0.0, 1.0, 0.0, 0.0, 0.0, 0.0, 1.0, 0.0, 0.0, 0.0, 0.0, 1.0], 'Count': 1, 'Time': 1722307814.2762809}}, 'cam': [[0.5144941694530318, -0.7070901470670865, 0.485097179459416, -0.4420070294811893], [-0.5144944822732609, -0.7071234144630831, -0.48504835267057655, -0.2600006362472334], [0.6859964849102392, -2.5272846381805087e-05, -0.7276048529607806, 0.24651374231444323], [0.0, 0.0, 0.0, 1.0]]}
{'obs': {'Object 1': {'Probability': {'blu': 0.16666666666666666, 'ylw': 0.16666666666666666, 'grn': 0.6666666666666666}, 'Pose': [1.0, 0.0, 0.0, -0.028323328215964547, 0.0, 1.0, 0.0, -0.026984797650814334, 0.0, 0.0, 1.0, 0.2874842028795962, 0.0, 0.0, 0.0, 1.0], 'Count': 6, 'Time': 1722307820.3314984}, 'Object 2': {'Probability': {'blu': 0.14285714285714285, 'ylw': 0.5714285714285714, 'grn': 0.2857142857142857}, 'Pose': [1.0, 0.0, 0.0, -0.09209135374431948, 0.0, 1.0, 0.0, -0.11347713339882178, 0.0, 0.0, 1.0, 0.22796849113255707, 0.0, 0.0, 0.0, 1.0], 'Count': 7, 'Time': 1722307820.3484993}, 'Object 3': {'Probability': {'blu': 0.5, 'ylw': 0.25, 'grn': 0.25}, 'Pose': [1.0, 0.0, 0.0, 0.0, 0.0, 1.0, 0.0, 0.0, 0.0, 0.0, 1.0, 0.0, 0.0, 0.0, 0.0, 1.0], 'Count': 4, 'Time': 1722307820.3629096}, 'Object 4': {'Probability': {'blu': 1.0, 'ylw': 0.0, 'grn': 0.0}, 'Pose': [1.0, 0.0, 0.0, 0.0, 0.0, 1.0, 0.0, 0.0, 0.0, 0.0, 1.0, 0.0, 0.0, 0.0, 0.0, 1.0], 'Count': 1, 'Time': 1722307820.376307}}, 'cam': [[0.5145380168776943, -0.7070812377473399, 0.4850636581040261, -0.442003679626809], [-0.5144429198301341, -0.7071323211820373, -0.48509005615076267, -0.309987861873688], [0.6860022677981579, 5.971092038160837e-05, -0.7275993987149731, 0.2465393600205923], [0.0, 0.0, 0.0, 1.0]]}
{'obs': {'Object 1': {'Probability': {'blu': 0.3333333333333333, 'ylw': 0.1111111111111111, 'grn': 0.5555555555555556}, 'Pose': [1.0, 0.0, 0.0, -0.05507998869114785, 0.0, 1.0, 0.0, -0.061659405082514655, 0.0, 0.0, 1.0, 0.26261872168870914, 0.0, 0.0, 0.0, 1.0], 'Count': 9, 'Time': 1722307826.4429204}, 'Object 2': {'Probability': {'blu': 0.4, 'ylw': 0.4, 'grn': 0.2}, 'Pose': [1.0, 0.0, 0.0, 0.0, 0.0, 1.0, 0.0, 0.0, 0.0, 0.0, 1.0, 0.0, 0.0, 0.0, 0.0, 1.0], 'Count': 5, 'Time': 1722307826.4592166}, 'Object 3': {'Probability': {'blu': 0.5, 'ylw': 0.0, 'grn': 0.5}, 'Pose': [1.0, 0.0, 0.0, 0.0, 0.0, 1.0, 0.0, 0.0, 0.0, 0.0, 1.0, 0.0, 0.0, 0.0, 0.0, 1.0], 'Count': 2, 'Time': 1722307826.4738946}, 'Object 4': {'Probability': {'blu': 0.5, 'ylw': 0.5, 'grn': 0.0}, 'Pose': [1.0, 0.0, 0.0, 0.0, 0.0, 1.0, 0.0, 0.0, 0.0, 0.0, 1.0, 0.0, 0.0, 0.0, 0.0, 1.0], 'Count': 2, 'Time': 1722307826.4872267}, 'Object 5': {'Probability': {'blu': 0.5, 'ylw': 0.5, 'grn': 0.0}, 'Pose': [1.0, 0.0, 0.0, 0.0, 0.0, 1.0, 0.0, 0.0, 0.0, 0.0, 1.0, 0.0, 0.0, 0.0, 0.0, 1.0], 'Count': 2, 'Time': 1722307826.5014837}, 'Object 6': {'Probability': {'blu': 1.0, 'ylw': 0.0, 'grn': 0.0}, 'Pose': [1.0, 0.0, 0.0, 0.0, 0.0, 1.0, 0.0, 0.0, 0.0, 0.0, 1.0, 0.0, 0.0, 0.0, 0.0, 1.0], 'Count': 1, 'Time': 1722307826.517594}}, 'cam': [[0.5144585976702996, -0.707118564527748, 0.48509348272608876, -0.4420117736491443], [-0.5145945808384347, -0.7070949870391161, -0.4849836045433582, -0.3599439012078433], [0.6859480801451558, -0.0001224923244249197, -0.727650476768074, 0.24649928978334612], [0.0, 0.0, 0.0, 1.0]]}
{'obs': {'Object 1': {'Probability': {'blu': 0.2, 'ylw': 0.2, 'grn': 0.6}, 'Pose': [1.0, 0.0, 0.0, -0.08011852388619235, 0.0, 1.0, 0.0, -0.09786594057036493, 0.0, 0.0, 1.0, 0.23993165624920035, 0.0, 0.0, 0.0, 1.0], 'Count': 5, 'Time': 1722307832.5680065}, 'Object 2': {'Probability': {'blu': 0.3333333333333333, 'ylw': 0.3333333333333333, 'grn': 0.3333333333333333}, 'Pose': [1.0, 0.0, 0.0, 0.0, 0.0, 1.0, 0.0, 0.0, 0.0, 0.0, 1.0, 0.0, 0.0, 0.0, 0.0, 1.0], 'Count': 3, 'Time': 1722307832.5811248}, 'Object 3': {'Probability': {'blu': 0.6666666666666666, 'ylw': 0.0, 'grn': 0.3333333333333333}, 'Pose': [1.0, 0.0, 0.0, 0.0, 0.0, 1.0, 0.0, 0.0, 0.0, 0.0, 1.0, 0.0, 0.0, 0.0, 0.0, 1.0], 'Count': 3, 'Time': 1722307832.5944343}, 'Object 4': {'Probability': {'blu': 0.5, 'ylw': 0.5, 'grn': 0.0}, 'Pose': [1.0, 0.0, 0.0, 0.0, 0.0, 1.0, 0.0, 0.0, 0.0, 0.0, 1.0, 0.0, 0.0, 0.0, 0.0, 1.0], 'Count': 2, 'Time': 1722307832.6083379}, 'Object 5': {'Probability': {'blu': 0.5, 'ylw': 0.5, 'grn': 0.0}, 'Pose': [1.0, 0.0, 0.0, 0.0, 0.0, 1.0, 0.0, 0.0, 0.0, 0.0, 1.0, 0.0, 0.0, 0.0, 0.0, 1.0], 'Count': 2, 'Time': 1722307832.622929}, 'Object 6': {'Probability': {'blu': 0.3333333333333333, 'ylw': 0.3333333333333333, 'grn': 0.3333333333333333}, 'Pose': [1.0, 0.0, 0.0, 0.0, 0.0, 1.0, 0.0, 0.0, 0.0, 0.0, 1.0, 0.0, 0.0, 0.0, 0.0, 1.0], 'Count': 3, 'Time': 1722307832.6362116}, 'Object 7': {'Probability': {'blu': 1.0, 'ylw': 0.0, 'grn': 0.0}, 'Pose': [1.0, 0.0, 0.0, 0.0, 0.0, 1.0, 0.0, 0.0, 0.0, 0.0, 1.0, 0.0, 0.0, 0.0, 0.0, 1.0], 'Count': 1, 'Time': 1722307832.649567}}, 'cam': [[0.5144779537915003, -0.7071332780407946, 0.4850515046361481, -0.44203823648243246], [-0.5144990307718065, -0.7070802831097547, -0.48510640128975935, -0.4099875026071998], [0.6860052349635407, 1.8019697009138596e-05, -0.7275966033991004, 0.2465277333069204], [0.0, 0.0, 0.0, 1.0]]}
{'obs': {'Object 1': {'Probability': {'blu': 0.3333333333333333, 'ylw': 0.3333333333333333, 'grn': 0.3333333333333333}, 'Pose': [1.0, 0.0, 0.0, 0.0, 0.0, 1.0, 0.0, 0.0, 0.0, 0.0, 1.0, 0.0, 0.0, 0.0, 0.0, 1.0], 'Count': 3, 'Time': 1722307838.7638164}, 'Object 2': {'Probability': {'blu': 0.3333333333333333, 'ylw': 0.3333333333333333, 'grn': 0.3333333333333333}, 'Pose': [1.0, 0.0, 0.0, 0.0, 0.0, 1.0, 0.0, 0.0, 0.0, 0.0, 1.0, 0.0, 0.0, 0.0, 0.0, 1.0], 'Count': 3, 'Time': 1722307838.7771664}, 'Object 3': {'Probability': {'blu': 0.5, 'ylw': 0.5, 'grn': 0.0}, 'Pose': [1.0, 0.0, 0.0, 0.0, 0.0, 1.0, 0.0, 0.0, 0.0, 0.0, 1.0, 0.0, 0.0, 0.0, 0.0, 1.0], 'Count': 2, 'Time': 1722307838.7904387}, 'Object 4': {'Probability': {'blu': 0.5, 'ylw': 0.0, 'grn': 0.5}, 'Pose': [1.0, 0.0, 0.0, -0.10733905043251325, 0.0, 1.0, 0.0, -0.1205054325446456, 0.0, 0.0, 1.0, 0.22694897928672653, 0.0, 0.0, 0.0, 1.0], 'Count': 2, 'Time': 1722307838.8041255}, 'Object 5': {'Probability': {'blu': 0.5, 'ylw': 0.5, 'grn': 0.0}, 'Pose': [1.0, 0.0, 0.0, 0.22090864656318027, 0.0, 1.0, 0.0, 0.0055420892409997575, 0.0, 0.0, 1.0, 0.221561903045291, 0.0, 0.0, 0.0, 1.0], 'Count': 2, 'Time': 1722307838.817725}, 'Object 6': {'Probability': {'blu': 0.25, 'ylw': 0.5, 'grn': 0.25}, 'Pose': [1.0, 0.0, 0.0, 0.22090864656318027, 0.0, 1.0, 0.0, 0.0055420892409997575, 0.0, 0.0, 1.0, 0.221561903045291, 0.0, 0.0, 0.0, 1.0], 'Count': 4, 'Time': 1722307838.8309374}, 'Object 7': {'Probability': {'blu': 1.0, 'ylw': 0.0, 'grn': 0.0}, 'Pose': [1.0, 0.0, 0.0, 0.0, 0.0, 1.0, 0.0, 0.0, 0.0, 0.0, 1.0, 0.0, 0.0, 0.0, 0.0, 1.0], 'Count': 2, 'Time': 1722307838.8442612}, 'Object 8': {'Probability': {'blu': 1.0, 'ylw': 0.0, 'grn': 0.0}, 'Pose': [1.0, 0.0, 0.0, 0.0, 0.0, 1.0, 0.0, 0.0, 0.0, 0.0, 1.0, 0.0, 0.0, 0.0, 0.0, 1.0], 'Count': 1, 'Time': 1722307838.8574033}}, 'cam': [[0.5144345703959656, -0.707088513487415, 0.4851627632822576, -0.4420027276490766], [-0.5144945749086394, -0.7071250427826026, -0.48504588057139586, -0.4600055231402391], [0.6860411104089147, -8.924046232715348e-05, -0.7275627717695863, 0.24647835443420163], [0.0, 0.0, 0.0, 1.0]]}
{'obs': {'Object 1': {'Probability': {'blu': 1.0, 'ylw': 0.0, 'grn': 0.0}, 'Pose': [1.0, 0.0, 0.0, 0.0, 0.0, 1.0, 0.0, 0.0, 0.0, 0.0, 1.0, 0.0, 0.0, 0.0, 0.0, 1.0], 'Count': 1, 'Time': 1722307845.0417042}}, 'cam': [[0.5144853715584802, -0.7071142813944216, 0.48507133032202954, -0.44202738078774834], [-0.514499902222086, -0.7070992808892939, -0.48507778508122523, -0.5099899290648402], [0.6859990182688284, -3.7275291426417777e-06, -0.7276024648943331, 0.24650695699000952], [0.0, 0.0, 0.0, 1.0]]}
{'obs': {'Object 1': {'Probability': {'blu': 0.25, 'ylw': 0.25, 'grn': 0.5}, 'Pose': [1.0, 0.0, 0.0, 0.0, 0.0, 1.0, 0.0, 0.0, 0.0, 0.0, 1.0, 0.0, 0.0, 0.0, 0.0, 1.0], 'Count': 4, 'Time': 1722307851.147296}, 'Object 2': {'Probability': {'blu': 0.5, 'ylw': 0.0, 'grn': 0.5}, 'Pose': [1.0, 0.0, 0.0, 0.0, 0.0, 1.0, 0.0, 0.0, 0.0, 0.0, 1.0, 0.0, 0.0, 0.0, 0.0, 1.0], 'Count': 2, 'Time': 1722307851.1606925}, 'Object 3': {'Probability': {'blu': 0.3333333333333333, 'ylw': 0.3333333333333333, 'grn': 0.3333333333333333}, 'Pose': [1.0, 0.0, 0.0, 0.0, 0.0, 1.0, 0.0, 0.0, 0.0, 0.0, 1.0, 0.0, 0.0, 0.0, 0.0, 1.0], 'Count': 3, 'Time': 1722307851.1741683}, 'Object 4': {'Probability': {'blu': 0.3333333333333333, 'ylw': 0.3333333333333333, 'grn': 0.3333333333333333}, 'Pose': [1.0, 0.0, 0.0, 0.0, 0.0, 1.0, 0.0, 0.0, 0.0, 0.0, 1.0, 0.0, 0.0, 0.0, 0.0, 1.0], 'Count': 3, 'Time': 1722307851.1875007}, 'Object 5': {'Probability': {'blu': 0.5, 'ylw': 0.0, 'grn': 0.5}, 'Pose': [1.0, 0.0, 0.0, 0.0, 0.0, 1.0, 0.0, 0.0, 0.0, 0.0, 1.0, 0.0, 0.0, 0.0, 0.0, 1.0], 'Count': 2, 'Time': 1722307851.2008674}, 'Object 6': {'Probability': {'blu': 1.0, 'ylw': 0.0, 'grn': 0.0}, 'Pose': [1.0, 0.0, 0.0, 0.2066779333160435, 0.0, 1.0, 0.0, 0.10186223427904376, 0.0, 0.0, 1.0, 0.23421874782070518, 0.0, 0.0, 0.0, 1.0], 'Count': 1, 'Time': 1722307851.214711}}, 'cam': [[0.5144326375284405, -0.7071728454322289, 0.4850418828604567, -0.4420510061594398], [-0.5145167511871881, -0.707040710659345, -0.4851452836193601, -0.559947407024569], [0.6860259282223327, 1.239407771182162e-05, -0.7275770925840598, 0.2465386982302075], [0.0, 0.0, 0.0, 1.0]]}
{'obs': {'Object 1': {'Probability': {'blu': 0.5, 'ylw': 0.25, 'grn': 0.25}, 'Pose': [1.0, 0.0, 0.0, 0.0, 0.0, 1.0, 0.0, 0.0, 0.0, 0.0, 1.0, 0.0, 0.0, 0.0, 0.0, 1.0], 'Count': 4, 'Time': 1722307859.164716}, 'Object 2': {'Probability': {'blu': 0.25, 'ylw': 0.25, 'grn': 0.5}, 'Pose': [1.0, 0.0, 0.0, 0.1535580476094944, 0.0, 1.0, 0.0, -0.18622700533370357, 0.0, 0.0, 1.0, 0.40022317575131855, 0.0, 0.0, 0.0, 1.0], 'Count': 4, 'Time': 1722307859.1781619}, 'Object 3': {'Probability': {'blu': 0.3333333333333333, 'ylw': 0.3333333333333333, 'grn': 0.3333333333333333}, 'Pose': [1.0, 0.0, 0.0, 0.10936068137381748, 0.0, 1.0, 0.0, 0.14895605352620367, 0.0, 0.0, 1.0, 0.4923806209230803, 0.0, 0.0, 0.0, 1.0], 'Count': 3, 'Time': 1722307859.1914723}, 'Object 4': {'Probability': {'blu': 0.4, 'ylw': 0.0, 'grn': 0.6}, 'Pose': [1.0, 0.0, 0.0, 0.17791303779840875, 0.0, 1.0, 0.0, -0.07102092173739652, 0.0, 0.0, 1.0, 0.2074239149117263, 0.0, 0.0, 0.0, 1.0], 'Count': 5, 'Time': 1722307859.2051723}, 'Object 5': {'Probability': {'blu': 1.0, 'ylw': 0.0, 'grn': 0.0}, 'Pose': [1.0, 0.0, 0.0, 0.0, 0.0, 1.0, 0.0, 0.0, 0.0, 0.0, 1.0, 0.0, 0.0, 0.0, 0.0, 1.0], 'Count': 1, 'Time': 1722307859.2190537}}, 'cam': [[0.5773845614923226, -0.7071083695863558, 0.4081970379746086, -0.45813479043302563], [-0.5773154153302489, -0.7071051873236668, -0.4083003371074103, -0.043859215092210406], [0.5773508286755819, 8.786858304109874e-05, -0.8164961805830638, 0.35681205740849015], [0.0, 0.0, 0.0, 1.0]]}
