[['grn', [[1.0, 0.0, 0.0, -0.286], [0.0, 1.0, 0.0, -0.291], [0.0, 0.0, 1.0, 0.0125], [0.0, 0.0, 0.0, 1.0]]], ['blu', [[1.0, 0.0, 0.0, -0.297], [0.0, 1.0, 0.0, -0.413], [0.0, 0.0, 1.0, 0.0125], [0.0, 0.0, 0.0, 1.0]]], ['NOT', [[1.0, 0.0, 0.0, -0.304], [0.0, 1.0, 0.0, -0.537], [0.0, 0.0, 1.0, 0.0125], [0.0, 0.0, 0.0, 1.0]]]]
{'obs': {'Object 1': {'Probability': {'blu': 0.4, 'ylw': 0.2, 'grn': 0.4}, 'Pose': [1.0, 0.0, 0.0, 0.08263971655572525, 0.0, 1.0, 0.0, 0.14986857792990155, 0.0, 0.0, 1.0, 0.3281223477917251, 0.0, 0.0, 0.0, 1.0], 'Count': 5, 'Time': 1722308742.6205823}, 'Object 2': {'Probability': {'blu': 0.2, 'ylw': 0.2, 'grn': 0.6}, 'Pose': [1.0, 0.0, 0.0, 0.033093076740302284, 0.0, 1.0, 0.0, 0.05560898243614924, 0.0, 0.0, 1.0, 0.25508298763710413, 0.0, 0.0, 0.0, 1.0], 'Count': 5, 'Time': 1722308742.6342638}, 'Object 3': {'Probability': {'blu': 0.5, 'ylw': 0.0, 'grn': 0.5}, 'Pose': [1.0, 0.0, 0.0, 0.12291968182257612, 0.0, 1.0, 0.0, 0.0275352094887157, 0.0, 0.0, 1.0, 0.13092694250104342, 0.0, 0.0, 0.0, 1.0], 'Count': 2, 'Time': 1722308742.6477814}, 'Object 4': {'Probability': {'blu': 0.3333333333333333, 'ylw': 0.3333333333333333, 'grn': 0.3333333333333333}, 'Pose': [1.0, 0.0, 0.0, 0.0, 0.0, 1.0, 0.0, 0.0, 0.0, 0.0, 1.0, 0.0, 0.0, 0.0, 0.0, 1.0], 'Count': 6, 'Time': 1722308742.6609485}, 'Object 5': {'Probability': {'blu': 0.3333333333333333, 'ylw': 0.3333333333333333, 'grn': 0.3333333333333333}, 'Pose': [1.0, 0.0, 0.0, 0.0, 0.0, 1.0, 0.0, 0.0, 0.0, 0.0, 1.0, 0.0, 0.0, 0.0, 0.0, 1.0], 'Count': 3, 'Time': 1722308742.6740165}, 'Object 6': {'Probability': {'blu': 0.3333333333333333, 'ylw': 0.3333333333333333, 'grn': 0.3333333333333333}, 'Pose': [1.0, 0.0, 0.0, 0.0, 0.0, 1.0, 0.0, 0.0, 0.0, 0.0, 1.0, 0.0, 0.0, 0.0, 0.0, 1.0], 'Count': 3, 'Time': 1722308742.6872456}, 'Object 7': {'Probability': {'blu': 1.0, 'ylw': 0.0, 'grn': 0.0}, 'Pose': [1.0, 0.0, 0.0, 0.09561136046873599, 0.0, 1.0, 0.0, 0.04016609490048043, 0.0, 0.0, 1.0, 0.09680273996232307, 0.0, 0.0, 0.0, 1.0], 'Count': 2, 'Time': 1722308742.7006707}, 'Object 8': {'Probability': {'blu': 0.5, 'ylw': 0.0, 'grn': 0.5}, 'Pose': [1.0, 0.0, 0.0, 0.10138658372689, 0.0, 1.0, 0.0, -0.010917225837193676, 0.0, 0.0, 1.0, 0.11089302270218383, 0.0, 0.0, 0.0, 1.0], 'Count': 2, 'Time': 1722308742.7140124}, 'Object 9': {'Probability': {'blu': 0.5, 'ylw': 0.5, 'grn': 0.0}, 'Pose': [1.0, 0.0, 0.0, 0.0, 0.0, 1.0, 0.0, 0.0, 0.0, 0.0, 1.0, 0.0, 0.0, 0.0, 0.0, 1.0], 'Count': 2, 'Time': 1722308742.7271907}, 'Object 10': {'Probability': {'blu': 1.0, 'ylw': 0.0, 'grn': 0.0}, 'Pose': [1.0, 0.0, 0.0, 0.0, 0.0, 1.0, 0.0, 0.0, 0.0, 0.0, 1.0, 0.0, 0.0, 0.0, 0.0, 1.0], 'Count': 1, 'Time': 1722308742.7405457}}, 'cam': [[0.4082916827794434, -0.707125675446776, 0.5772964410916381, -0.4139447403286728], [-0.4082690406995398, -0.7070878853729421, -0.5773587383638521, -0.08799703936308806], [0.8164645076054489, 3.850665025218466e-05, -0.577395623760546, 0.14050209623000184], [0.0, 0.0, 0.0, 1.0]]}
{'obs': {'Object 1': {'Probability': {'blu': 0.4, 'ylw': 0.2, 'grn': 0.4}, 'Pose': [1.0, 0.0, 0.0, 0.06478763082725837, 0.0, 1.0, 0.0, 0.11757285270437788, 0.0, 0.0, 1.0, 0.3024911867547073, 0.0, 0.0, 0.0, 1.0], 'Count': 5, 'Time': 1722308748.919865}, 'Object 2': {'Probability': {'blu': 0.2, 'ylw': 0.2, 'grn': 0.6}, 'Pose': [1.0, 0.0, 0.0, 0.011928928344171068, 0.0, 1.0, 0.0, 0.01942069595447785, 0.0, 0.0, 1.0, 0.22430256620001365, 0.0, 0.0, 0.0, 1.0], 'Count': 5, 'Time': 1722308748.9366996}, 'Object 3': {'Probability': {'blu': 0.5, 'ylw': 0.0, 'grn': 0.5}, 'Pose': [1.0, 0.0, 0.0, 0.19962743784984735, 0.0, 1.0, 0.0, 0.052002802260800784, 0.0, 0.0, 1.0, 0.23327301831052796, 0.0, 0.0, 0.0, 1.0], 'Count': 2, 'Time': 1722308748.9519155}, 'Object 4': {'Probability': {'blu': 0.3333333333333333, 'ylw': 0.3333333333333333, 'grn': 0.3333333333333333}, 'Pose': [1.0, 0.0, 0.0, 0.0, 0.0, 1.0, 0.0, 0.0, 0.0, 0.0, 1.0, 0.0, 0.0, 0.0, 0.0, 1.0], 'Count': 6, 'Time': 1722308748.9683802}, 'Object 5': {'Probability': {'blu': 0.5, 'ylw': 0.0, 'grn': 0.5}, 'Pose': [1.0, 0.0, 0.0, 0.061374064800715486, 0.0, 1.0, 0.0, 0.12308376488351842, 0.0, 0.0, 1.0, 0.289510243063042, 0.0, 0.0, 0.0, 1.0], 'Count': 2, 'Time': 1722308748.9852264}, 'Object 6': {'Probability': {'blu': 0.5, 'ylw': 0.0, 'grn': 0.5}, 'Pose': [1.0, 0.0, 0.0, 0.18498921715313943, 0.0, 1.0, 0.0, -0.017938350893373572, 0.0, 0.0, 1.0, 0.19220894005725053, 0.0, 0.0, 0.0, 1.0], 'Count': 2, 'Time': 1722308749.0002148}, 'Object 7': {'Probability': {'blu': 1.0, 'ylw': 0.0, 'grn': 0.0}, 'Pose': [1.0, 0.0, 0.0, 0.09453367495998743, 0.0, 1.0, 0.0, 0.03893443820083339, 0.0, 0.0, 1.0, 0.09556666761636734, 0.0, 0.0, 0.0, 1.0], 'Count': 1, 'Time': 1722308749.0156913}}, 'cam': [[0.4083057695022767, -0.7070930619878467, 0.5773264243734255, -0.413977672002018], [-0.4082133602301928, -0.7071204970098066, -0.5773581689369076, -0.13805238781471485], [0.8164853036771258, 6.63118030511722e-05, -0.5773662134919364, 0.14045415399633948], [0.0, 0.0, 0.0, 1.0]]}
{'obs': {'Object 1': {'Probability': {'blu': 0.4, 'ylw': 0.2, 'grn': 0.4}, 'Pose': [1.0, 0.0, 0.0, -0.008747604034542679, 0.0, 1.0, 0.0, -0.017809049536425647, 0.0, 0.0, 1.0, 0.1956039324173074, 0.0, 0.0, 0.0, 1.0], 'Count': 5, 'Time': 1722308755.0869248}, 'Object 2': {'Probability': {'blu': 0.5, 'ylw': 0.25, 'grn': 0.25}, 'Pose': [1.0, 0.0, 0.0, 0.04178036994704363, 0.0, 1.0, 0.0, 0.08156453125874974, 0.0, 0.0, 1.0, 0.2672627596446724, 0.0, 0.0, 0.0, 1.0], 'Count': 4, 'Time': 1722308755.103705}, 'Object 3': {'Probability': {'blu': 0.5, 'ylw': 0.0, 'grn': 0.5}, 'Pose': [1.0, 0.0, 0.0, 0.05500365307244433, 0.0, 1.0, 0.0, 0.08270328804949452, 0.0, 0.0, 1.0, 0.2691539029448207, 0.0, 0.0, 0.0, 1.0], 'Count': 2, 'Time': 1722308755.1214204}, 'Object 4': {'Probability': {'blu': 0.5, 'ylw': 0.0, 'grn': 0.5}, 'Pose': [1.0, 0.0, 0.0, 0.11642072732749435, 0.0, 1.0, 0.0, 0.02466998317026886, 0.0, 0.0, 1.0, 0.12348869559557542, 0.0, 0.0, 0.0, 1.0], 'Count': 2, 'Time': 1722308755.1364417}, 'Object 5': {'Probability': {'blu': 0.4, 'ylw': 0.2, 'grn': 0.4}, 'Pose': [1.0, 0.0, 0.0, 0.0, 0.0, 1.0, 0.0, 0.0, 0.0, 0.0, 1.0, 0.0, 0.0, 0.0, 0.0, 1.0], 'Count': 5, 'Time': 1722308755.1496804}, 'Object 6': {'Probability': {'blu': 0.3333333333333333, 'ylw': 0.3333333333333333, 'grn': 0.3333333333333333}, 'Pose': [1.0, 0.0, 0.0, 0.0, 0.0, 1.0, 0.0, 0.0, 0.0, 0.0, 1.0, 0.0, 0.0, 0.0, 0.0, 1.0], 'Count': 3, 'Time': 1722308755.1634274}, 'Object 7': {'Probability': {'blu': 0.5, 'ylw': 0.0, 'grn': 0.5}, 'Pose': [1.0, 0.0, 0.0, 0.0, 0.0, 1.0, 0.0, 0.0, 0.0, 0.0, 1.0, 0.0, 0.0, 0.0, 0.0, 1.0], 'Count': 2, 'Time': 1722308755.1794746}, 'Object 8': {'Probability': {'blu': 0.5, 'ylw': 0.0, 'grn': 0.5}, 'Pose': [1.0, 0.0, 0.0, 0.0, 0.0, 1.0, 0.0, 0.0, 0.0, 0.0, 1.0, 0.0, 0.0, 0.0, 0.0, 1.0], 'Count': 4, 'Time': 1722308755.196034}, 'Object 9': {'Probability': {'blu': 1.0, 'ylw': 0.0, 'grn': 0.0}, 'Pose': [1.0, 0.0, 0.0, 0.09142438085100502, 0.0, 1.0, 0.0, 0.038212461666598044, 0.0, 0.0, 1.0, 0.0920400008559227, 0.0, 0.0, 0.0, 1.0], 'Count': 1, 'Time': 1722308755.2133362}}, 'cam': [[0.4082488197969892, -0.7070589928881882, 0.5774084184615829, -0.41397100654943886], [-0.4082063764948856, -0.7071545661694812, -0.577321378206774, -0.18805662220609043], [0.8165172719075094, -1.1026961358456859e-05, -0.5773210065077528, 0.14042878664627162], [0.0, 0.0, 0.0, 1.0]]}
{'obs': {'Object 1': {'Probability': {'blu': 0.6, 'ylw': 0.2, 'grn': 0.2}, 'Pose': [1.0, 0.0, 0.0, 0.02360782794368744, 0.0, 1.0, 0.0, 0.046044045916217406, 0.0, 0.0, 1.0, 0.24060505812797142, 0.0, 0.0, 0.0, 1.0], 'Count': 5, 'Time': 1722308761.3339894}, 'Object 2': {'Probability': {'blu': 0.25, 'ylw': 0.25, 'grn': 0.5}, 'Pose': [1.0, 0.0, 0.0, -0.028974302360041594, 0.0, 1.0, 0.0, -0.05403250834495997, 0.0, 0.0, 1.0, 0.16825386298676465, 0.0, 0.0, 0.0, 1.0], 'Count': 4, 'Time': 1722308761.3516068}, 'Object 3': {'Probability': {'blu': 0.5, 'ylw': 0.0, 'grn': 0.5}, 'Pose': [1.0, 0.0, 0.0, 0.1548341205559751, 0.0, 1.0, 0.0, 0.031525490214582515, 0.0, 0.0, 1.0, 0.17418159985542297, 0.0, 0.0, 0.0, 1.0], 'Count': 2, 'Time': 1722308761.3679514}, 'Object 4': {'Probability': {'blu': 0.3333333333333333, 'ylw': 0.3333333333333333, 'grn': 0.3333333333333333}, 'Pose': [1.0, 0.0, 0.0, 0.0, 0.0, 1.0, 0.0, 0.0, 0.0, 0.0, 1.0, 0.0, 0.0, 0.0, 0.0, 1.0], 'Count': 6, 'Time': 1722308761.3848994}, 'Object 5': {'Probability': {'blu': 1.0, 'ylw': 0.0, 'grn': 0.0}, 'Pose': [1.0, 0.0, 0.0, 0.0, 0.0, 1.0, 0.0, 0.0, 0.0, 0.0, 1.0, 0.0, 0.0, 0.0, 0.0, 1.0], 'Count': 1, 'Time': 1722308761.4016516}}, 'cam': [[0.4083769167179711, -0.7070675815783576, 0.5773073089549932, -0.41397434885209605], [-0.40825658491989286, -0.7071459756332781, -0.5772963970225398, -0.23804719873183144], [0.8164281075278275, 6.50122451995638e-05, -0.5774470893613874, 0.1405127952966051], [0.0, 0.0, 0.0, 1.0]]}
{'obs': {'Object 1': {'Probability': {'blu': 0.6666666666666666, 'ylw': 0.16666666666666666, 'grn': 0.16666666666666666}, 'Pose': [1.0, 0.0, 0.0, 0.0016076651250547917, 0.0, 1.0, 0.0, 0.00841104745527954, 0.0, 0.0, 1.0, 0.2104869606531821, 0.0, 0.0, 0.0, 1.0], 'Count': 6, 'Time': 1722308767.5161884}, 'Object 2': {'Probability': {'blu': 0.25, 'ylw': 0.25, 'grn': 0.5}, 'Pose': [1.0, 0.0, 0.0, -0.0511616231873669, 0.0, 1.0, 0.0, -0.07775770112053675, 0.0, 0.0, 1.0, 0.1533106373418007, 0.0, 0.0, 0.0, 1.0], 'Count': 4, 'Time': 1722308767.5319953}, 'Object 3': {'Probability': {'blu': 0.5, 'ylw': 0.0, 'grn': 0.5}, 'Pose': [1.0, 0.0, 0.0, 0.16130903258550447, 0.0, 1.0, 0.0, 0.04122770451404392, 0.0, 0.0, 1.0, 0.1800430710146944, 0.0, 0.0, 0.0, 1.0], 'Count': 2, 'Time': 1722308767.5462058}, 'Object 4': {'Probability': {'blu': 0.3333333333333333, 'ylw': 0.3333333333333333, 'grn': 0.3333333333333333}, 'Pose': [1.0, 0.0, 0.0, 0.3443496231225373, 0.0, 1.0, 0.0, -0.00799471349714386, 0.0, 0.0, 1.0, 0.4507309823808536, 0.0, 0.0, 0.0, 1.0], 'Count': 3, 'Time': 1722308767.5594034}, 'Object 5': {'Probability': {'blu': 0.3333333333333333, 'ylw': 0.3333333333333333, 'grn': 0.3333333333333333}, 'Pose': [1.0, 0.0, 0.0, 0.0, 0.0, 1.0, 0.0, 0.0, 0.0, 0.0, 1.0, 0.0, 0.0, 0.0, 0.0, 1.0], 'Count': 6, 'Time': 1722308767.5726254}, 'Object 6': {'Probability': {'blu': 0.5, 'ylw': 0.0, 'grn': 0.5}, 'Pose': [1.0, 0.0, 0.0, 0.0, 0.0, 1.0, 0.0, 0.0, 0.0, 0.0, 1.0, 0.0, 0.0, 0.0, 0.0, 1.0], 'Count': 2, 'Time': 1722308767.5859056}, 'Object 7': {'Probability': {'blu': 1.0, 'ylw': 0.0, 'grn': 0.0}, 'Pose': [1.0, 0.0, 0.0, 0.0, 0.0, 1.0, 0.0, 0.0, 0.0, 0.0, 1.0, 0.0, 0.0, 0.0, 0.0, 1.0], 'Count': 1, 'Time': 1722308767.5990806}}, 'cam': [[0.40818477749879106, -0.7070981592390405, 0.5774057331019695, -0.4139263472228214], [-0.4082894243330794, -0.707115396064505, -0.5773106292337781, -0.28804123343727084], [0.8165077668926518, -9.924363334611889e-05, -0.5773344409912474, 0.1404687939302341], [0.0, 0.0, 0.0, 1.0]]}
{'obs': {'Object 1': {'Probability': {'blu': 0.5, 'ylw': 0.25, 'grn': 0.25}, 'Pose': [1.0, 0.0, 0.0, -0.018057891317901722, 0.0, 1.0, 0.0, -0.029067087123777122, 0.0, 0.0, 1.0, 0.18262590648080054, 0.0, 0.0, 0.0, 1.0], 'Count': 4, 'Time': 1722308773.7428136}, 'Object 2': {'Probability': {'blu': 0.5, 'ylw': 0.0, 'grn': 0.5}, 'Pose': [1.0, 0.0, 0.0, -0.01820599713718714, 0.0, 1.0, 0.0, -0.019803127120105454, 0.0, 0.0, 1.0, 0.1709281575994878, 0.0, 0.0, 0.0, 1.0], 'Count': 2, 'Time': 1722308773.7562587}, 'Object 3': {'Probability': {'blu': 0.6666666666666666, 'ylw': 0.0, 'grn': 0.3333333333333333}, 'Pose': [1.0, 0.0, 0.0, -0.008444411965038283, 0.0, 1.0, 0.0, -0.02844968854927647, 0.0, 0.0, 1.0, 0.18386124541445378, 0.0, 0.0, 0.0, 1.0], 'Count': 3, 'Time': 1722308773.769793}, 'Object 4': {'Probability': {'blu': 0.5, 'ylw': 0.0, 'grn': 0.5}, 'Pose': [1.0, 0.0, 0.0, 0.12493782649028735, 0.0, 1.0, 0.0, 0.02453674026328217, 0.0, 0.0, 1.0, 0.13246725444115845, 0.0, 0.0, 0.0, 1.0], 'Count': 2, 'Time': 1722308773.7831762}, 'Object 5': {'Probability': {'blu': 0.42857142857142855, 'ylw': 0.2857142857142857, 'grn': 0.2857142857142857}, 'Pose': [1.0, 0.0, 0.0, 0.0, 0.0, 1.0, 0.0, 0.0, 0.0, 0.0, 1.0, 0.0, 0.0, 0.0, 0.0, 1.0], 'Count': 7, 'Time': 1722308773.7964616}, 'Object 6': {'Probability': {'blu': 0.5, 'ylw': 0.0, 'grn': 0.5}, 'Pose': [1.0, 0.0, 0.0, 0.0, 0.0, 1.0, 0.0, 0.0, 0.0, 0.0, 1.0, 0.0, 0.0, 0.0, 0.0, 1.0], 'Count': 2, 'Time': 1722308773.809788}, 'Object 7': {'Probability': {'blu': 0.5, 'ylw': 0.0, 'grn': 0.5}, 'Pose': [1.0, 0.0, 0.0, 0.0, 0.0, 1.0, 0.0, 0.0, 0.0, 0.0, 1.0, 0.0, 0.0, 0.0, 0.0, 1.0], 'Count': 2, 'Time': 1722308773.8231525}, 'Object 8': {'Probability': {'blu': 0.3333333333333333, 'ylw': 0.3333333333333333, 'grn': 0.3333333333333333}, 'Pose': [1.0, 0.0, 0.0, 0.34419573894333544, 0.0, 1.0, 0.0, -0.008597375672682556, 0.0, 0.0, 1.0, 0.45174066424369813, 0.0, 0.0, 0.0, 1.0], 'Count': 3, 'Time': 1722308773.8366838}, 'Object 9': {'Probability': {'blu': 1.0, 'ylw': 0.0, 'grn': 0.0}, 'Pose': [1.0, 0.0, 0.0, 0.0, 0.0, 1.0, 0.0, 0.0, 0.0, 0.0, 1.0, 0.0, 0.0, 0.0, 0.0, 1.0], 'Count': 1, 'Time': 1722308773.8499124}}, 'cam': [[0.40825916465483564, -0.7070684157625435, 0.5773895651173329, -0.4139220574274471], [-0.40822355161752294, -0.7071451444890706, -0.5773207743796402, -0.3380434158764828], [0.816503512778795, -7.521852979691693e-06, -0.5773404658979917, 0.14044647939787352], [0.0, 0.0, 0.0, 1.0]]}
{'obs': {'Object 1': {'Probability': {'blu': 0.4, 'ylw': 0.4, 'grn': 0.2}, 'Pose': [1.0, 0.0, 0.0, -0.0402811033443856, 0.0, 1.0, 0.0, -0.06415566896229292, 0.0, 0.0, 1.0, 0.15154613408030518, 0.0, 0.0, 0.0, 1.0], 'Count': 5, 'Time': 1722308779.8565578}, 'Object 2': {'Probability': {'blu': 0.5, 'ylw': 0.0, 'grn': 0.5}, 'Pose': [1.0, 0.0, 0.0, 0.15179267908006283, 0.0, 1.0, 0.0, 0.038211991404908864, 0.0, 0.0, 1.0, 0.16396796713030434, 0.0, 0.0, 0.0, 1.0], 'Count': 2, 'Time': 1722308779.8706949}, 'Object 3': {'Probability': {'blu': 0.42857142857142855, 'ylw': 0.2857142857142857, 'grn': 0.2857142857142857}, 'Pose': [1.0, 0.0, 0.0, 0.0, 0.0, 1.0, 0.0, 0.0, 0.0, 0.0, 1.0, 0.0, 0.0, 0.0, 0.0, 1.0], 'Count': 7, 'Time': 1722308779.883868}, 'Object 4': {'Probability': {'blu': 0.5, 'ylw': 0.0, 'grn': 0.5}, 'Pose': [1.0, 0.0, 0.0, 0.0, 0.0, 1.0, 0.0, 0.0, 0.0, 0.0, 1.0, 0.0, 0.0, 0.0, 0.0, 1.0], 'Count': 2, 'Time': 1722308779.8970191}, 'Object 5': {'Probability': {'blu': 1.0, 'ylw': 0.0, 'grn': 0.0}, 'Pose': [1.0, 0.0, 0.0, -0.040224031509015205, 0.0, 1.0, 0.0, -0.05254263682298975, 0.0, 0.0, 1.0, 0.14858152338925143, 0.0, 0.0, 0.0, 1.0], 'Count': 1, 'Time': 1722308779.9104092}}, 'cam': [[0.40831421670231943, -0.7070293282819395, 0.5773985013731509, -0.4139305317151211], [-0.40818363340174907, -0.7071842247102018, -0.5773011291726159, -0.38804971023965995], [0.8164959411177241, 3.564014826363256e-05, -0.5773511729165033, 0.14045276543445268], [0.0, 0.0, 0.0, 1.0]]}
{'obs': {'Object 1': {'Probability': {'blu': 0.3333333333333333, 'ylw': 0.3333333333333333, 'grn': 0.3333333333333333}, 'Pose': [1.0, 0.0, 0.0, 0.0, 0.0, 1.0, 0.0, 0.0, 0.0, 0.0, 1.0, 0.0, 0.0, 0.0, 0.0, 1.0], 'Count': 6, 'Time': 1722308785.9669974}, 'Object 2': {'Probability': {'blu': 0.5, 'ylw': 0.0, 'grn': 0.5}, 'Pose': [1.0, 0.0, 0.0, 0.13889196401585013, 0.0, 1.0, 0.0, 0.024688116605418527, 0.0, 0.0, 1.0, 0.15026897124268793, 0.0, 0.0, 0.0, 1.0], 'Count': 2, 'Time': 1722308785.9804287}, 'Object 3': {'Probability': {'blu': 0.3333333333333333, 'ylw': 0.3333333333333333, 'grn': 0.3333333333333333}, 'Pose': [1.0, 0.0, 0.0, 0.0, 0.0, 1.0, 0.0, 0.0, 0.0, 0.0, 1.0, 0.0, 0.0, 0.0, 0.0, 1.0], 'Count': 6, 'Time': 1722308785.9935641}, 'Object 4': {'Probability': {'blu': 0.5, 'ylw': 0.0, 'grn': 0.5}, 'Pose': [1.0, 0.0, 0.0, 0.11792615429574149, 0.0, 1.0, 0.0, -0.02940849234089587, 0.0, 0.0, 1.0, 0.13321210225676275, 0.0, 0.0, 0.0, 1.0], 'Count': 2, 'Time': 1722308786.0073838}, 'Object 5': {'Probability': {'blu': 0.5, 'ylw': 0.0, 'grn': 0.5}, 'Pose': [1.0, 0.0, 0.0, 0.18859565612357873, 0.0, 1.0, 0.0, 0.10927749528937587, 0.0, 0.0, 1.0, 0.2181146330222851, 0.0, 0.0, 0.0, 1.0], 'Count': 4, 'Time': 1722308786.021077}, 'Object 6': {'Probability': {'blu': 1.0, 'ylw': 0.0, 'grn': 0.0}, 'Pose': [1.0, 0.0, 0.0, 0.0, 0.0, 1.0, 0.0, 0.0, 0.0, 0.0, 1.0, 0.0, 0.0, 0.0, 0.0, 1.0], 'Count': 1, 'Time': 1722308786.0345113}}, 'cam': [[0.4082215004371558, -0.7071311728089252, 0.5773393378444871, -0.41397898173355285], [-0.408231087373709, -0.7070823885397335, -0.5773923060784794, -0.43801474486130754], [0.8165185765691532, 1.6087856354268754e-05, -0.5773191611740118, 0.14043671081551], [0.0, 0.0, 0.0, 1.0]]}
{'obs': {'Object 1': {'Probability': {'blu': 0.5, 'ylw': 0.0, 'grn': 0.5}, 'Pose': [1.0, 0.0, 0.0, 0.14631301470951427, 0.0, 1.0, 0.0, 0.029629558850384978, 0.0, 0.0, 1.0, 0.1606761764296714, 0.0, 0.0, 0.0, 1.0], 'Count': 2, 'Time': 1722308792.0702672}, 'Object 2': {'Probability': {'blu': 0.4, 'ylw': 0.2, 'grn': 0.4}, 'Pose': [1.0, 0.0, 0.0, 0.0, 0.0, 1.0, 0.0, 0.0, 0.0, 0.0, 1.0, 0.0, 0.0, 0.0, 0.0, 1.0], 'Count': 5, 'Time': 1722308792.0832148}, 'Object 3': {'Probability': {'blu': 0.5, 'ylw': 0.0, 'grn': 0.5}, 'Pose': [1.0, 0.0, 0.0, 0.0, 0.0, 1.0, 0.0, 0.0, 0.0, 0.0, 1.0, 0.0, 0.0, 0.0, 0.0, 1.0], 'Count': 2, 'Time': 1722308792.0963876}, 'Object 4': {'Probability': {'blu': 0.3333333333333333, 'ylw': 0.0, 'grn': 0.6666666666666666}, 'Pose': [1.0, 0.0, 0.0, 0.0, 0.0, 1.0, 0.0, 0.0, 0.0, 0.0, 1.0, 0.0, 0.0, 0.0, 0.0, 1.0], 'Count': 3, 'Time': 1722308792.1094286}, 'Object 5': {'Probability': {'blu': 0.3333333333333333, 'ylw': 0.3333333333333333, 'grn': 0.3333333333333333}, 'Pose': [1.0, 0.0, 0.0, 0.3694276618363419, 0.0, 1.0, 0.0, -0.018699484698202207, 0.0, 0.0, 1.0, 0.48270000517368317, 0.0, 0.0, 0.0, 1.0], 'Count': 3, 'Time': 1722308792.1227481}, 'Object 6': {'Probability': {'blu': 0.5, 'ylw': 0.0, 'grn': 0.5}, 'Pose': [1.0, 0.0, 0.0, 0.0, 0.0, 1.0, 0.0, 0.0, 0.0, 0.0, 1.0, 0.0, 0.0, 0.0, 0.0, 1.0], 'Count': 2, 'Time': 1722308792.1360555}, 'Object 7': {'Probability': {'blu': 1.0, 'ylw': 0.0, 'grn': 0.0}, 'Pose': [1.0, 0.0, 0.0, 0.0, 0.0, 1.0, 0.0, 0.0, 0.0, 0.0, 1.0, 0.0, 0.0, 0.0, 0.0, 1.0], 'Count': 1, 'Time': 1722308792.1492462}}, 'cam': [[0.4082326283491467, -0.7071481255196209, 0.5773107046688413, -0.4139652166397931], [-0.4082352119292057, -0.7070654333544871, -0.5774101529210828, -0.48803878388386873], [0.8165109508709999, 3.910649297301224e-05, -0.5773299451599734, 0.1404837549617346], [0.0, 0.0, 0.0, 1.0]]}
{'obs': {'Object 1': {'Probability': {'blu': 0.3333333333333333, 'ylw': 0.3333333333333333, 'grn': 0.3333333333333333}, 'Pose': [1.0, 0.0, 0.0, 0.0, 0.0, 1.0, 0.0, 0.0, 0.0, 0.0, 1.0, 0.0, 0.0, 0.0, 0.0, 1.0], 'Count': 6, 'Time': 1722308798.2688086}, 'Object 2': {'Probability': {'blu': 0.5, 'ylw': 0.0, 'grn': 0.5}, 'Pose': [1.0, 0.0, 0.0, 0.12977126719125395, 0.0, 1.0, 0.0, 0.02654127906022393, 0.0, 0.0, 1.0, 0.13981329033836554, 0.0, 0.0, 0.0, 1.0], 'Count': 2, 'Time': 1722308798.2833042}, 'Object 3': {'Probability': {'blu': 0.3333333333333333, 'ylw': 0.3333333333333333, 'grn': 0.3333333333333333}, 'Pose': [1.0, 0.0, 0.0, 0.0, 0.0, 1.0, 0.0, 0.0, 0.0, 0.0, 1.0, 0.0, 0.0, 0.0, 0.0, 1.0], 'Count': 3, 'Time': 1722308798.297935}, 'Object 4': {'Probability': {'blu': 1.0, 'ylw': 0.0, 'grn': 0.0}, 'Pose': [1.0, 0.0, 0.0, 0.0, 0.0, 1.0, 0.0, 0.0, 0.0, 0.0, 1.0, 0.0, 0.0, 0.0, 0.0, 1.0], 'Count': 1, 'Time': 1722308798.3119335}}, 'cam': [[0.408285617306601, -0.7070712434264278, 0.5773673972610271, -0.41393591302638094], [-0.4082869469200931, -0.7071423162087228, -0.5772794068747227, -0.5380291652262492], [0.8164585866259455, -3.669288467066937e-05, -0.5774039963304682, 0.14045617309320707], [0.0, 0.0, 0.0, 1.0]]}
{'obs': {'Object 1': {'Probability': {'blu': 0.3333333333333333, 'ylw': 0.3333333333333333, 'grn': 0.3333333333333333}, 'Pose': [1.0, 0.0, 0.0, 0.0, 0.0, 1.0, 0.0, 0.0, 0.0, 0.0, 1.0, 0.0, 0.0, 0.0, 0.0, 1.0], 'Count': 6, 'Time': 1722308804.4031634}, 'Object 2': {'Probability': {'blu': 0.5, 'ylw': 0.0, 'grn': 0.5}, 'Pose': [1.0, 0.0, 0.0, 0.17334880414741574, 0.0, 1.0, 0.0, 0.03163344720388425, 0.0, 0.0, 1.0, 0.19811317552434834, 0.0, 0.0, 0.0, 1.0], 'Count': 2, 'Time': 1722308804.4165628}, 'Object 3': {'Probability': {'blu': 0.3333333333333333, 'ylw': 0.3333333333333333, 'grn': 0.3333333333333333}, 'Pose': [1.0, 0.0, 0.0, 0.0, 0.0, 1.0, 0.0, 0.0, 0.0, 0.0, 1.0, 0.0, 0.0, 0.0, 0.0, 1.0], 'Count': 3, 'Time': 1722308804.4300447}, 'Object 4': {'Probability': {'blu': 0.5, 'ylw': 0.0, 'grn': 0.5}, 'Pose': [1.0, 0.0, 0.0, 0.2736374326618585, 0.0, 1.0, 0.0, -0.03992745393951946, 0.0, 0.0, 1.0, 0.28140573826481086, 0.0, 0.0, 0.0, 1.0], 'Count': 2, 'Time': 1722308804.44368}, 'Object 5': {'Probability': {'blu': 0.5, 'ylw': 0.0, 'grn': 0.5}, 'Pose': [1.0, 0.0, 0.0, 0.0, 0.0, 1.0, 0.0, 0.0, 0.0, 0.0, 1.0, 0.0, 0.0, 0.0, 0.0, 1.0], 'Count': 2, 'Time': 1722308804.4567566}, 'Object 6': {'Probability': {'blu': 0.3333333333333333, 'ylw': 0.3333333333333333, 'grn': 0.3333333333333333}, 'Pose': [1.0, 0.0, 0.0, 0.09282278759515965, 0.0, 1.0, 0.0, 0.03348452850675359, 0.0, 0.0, 1.0, 0.09312990628113256, 0.0, 0.0, 0.0, 1.0], 'Count': 3, 'Time': 1722308804.470206}, 'Object 7': {'Probability': {'blu': 0.3333333333333333, 'ylw': 0.3333333333333333, 'grn': 0.3333333333333333}, 'Pose': [1.0, 0.0, 0.0, 0.0, 0.0, 1.0, 0.0, 0.0, 0.0, 0.0, 1.0, 0.0, 0.0, 0.0, 0.0, 1.0], 'Count': 3, 'Time': 1722308804.4833004}, 'Object 8': {'Probability': {'blu': 0.3333333333333333, 'ylw': 0.3333333333333333, 'grn': 0.3333333333333333}, 'Pose': [1.0, 0.0, 0.0, 0.0, 0.0, 1.0, 0.0, 0.0, 0.0, 0.0, 1.0, 0.0, 0.0, 0.0, 0.0, 1.0], 'Count': 3, 'Time': 1722308804.4965532}, 'Object 9': {'Probability': {'blu': 1.0, 'ylw': 0.0, 'grn': 0.0}, 'Pose': [1.0, 0.0, 0.0, 0.1924951595822826, 0.0, 1.0, 0.0, 0.12568086632271352, 0.0, 0.0, 1.0, 0.235871998667717, 0.0, 0.0, 0.0, 1.0], 'Count': 1, 'Time': 1722308804.5099242}}, 'cam': [[0.40821255946980844, -0.7070915200778961, 0.5773942228019242, -0.4139438258489094], [-0.408212646213681, -0.7071220417995745, -0.5773567817843873, -0.5880536511452201], [0.8165322662101798, -1.5333979008874715e-05, -0.5772997990667734, 0.1404439584688315], [0.0, 0.0, 0.0, 1.0]]}
{'obs': {'Object 1': {'Probability': {'blu': 0.3333333333333333, 'ylw': 0.3333333333333333, 'grn': 0.3333333333333333}, 'Pose': [1.0, 0.0, 0.0, 0.10174218503964307, 0.0, 1.0, 0.0, 0.1499745311605381, 0.0, 0.0, 1.0, 0.41141819607504865, 0.0, 0.0, 0.0, 1.0], 'Count': 3, 'Time': 1722308812.622452}, 'Object 2': {'Probability': {'blu': 0.2, 'ylw': 0.2, 'grn': 0.6}, 'Pose': [1.0, 0.0, 0.0, 0.03792502250033319, 0.0, 1.0, 0.0, 0.055170855797526744, 0.0, 0.0, 1.0, 0.3507757658042724, 0.0, 0.0, 0.0, 1.0], 'Count': 5, 'Time': 1722308812.6394324}, 'Object 3': {'Probability': {'blu': 0.3333333333333333, 'ylw': 0.3333333333333333, 'grn': 0.3333333333333333}, 'Pose': [1.0, 0.0, 0.0, 0.0, 0.0, 1.0, 0.0, 0.0, 0.0, 0.0, 1.0, 0.0, 0.0, 0.0, 0.0, 1.0], 'Count': 6, 'Time': 1722308812.6535118}, 'Object 4': {'Probability': {'blu': 0.3333333333333333, 'ylw': 0.3333333333333333, 'grn': 0.3333333333333333}, 'Pose': [1.0, 0.0, 0.0, 0.0, 0.0, 1.0, 0.0, 0.0, 0.0, 0.0, 1.0, 0.0, 0.0, 0.0, 0.0, 1.0], 'Count': 3, 'Time': 1722308812.6692111}, 'Object 5': {'Probability': {'blu': 0.25, 'ylw': 0.25, 'grn': 0.5}, 'Pose': [1.0, 0.0, 0.0, 0.14394621309969724, 0.0, 1.0, 0.0, -0.171070224837238, 0.0, 0.0, 1.0, 0.33904922407210425, 0.0, 0.0, 0.0, 1.0], 'Count': 4, 'Time': 1722308812.6861687}, 'Object 6': {'Probability': {'blu': 1.0, 'ylw': 0.0, 'grn': 0.0}, 'Pose': [1.0, 0.0, 0.0, 0.0, 0.0, 1.0, 0.0, 0.0, 0.0, 0.0, 1.0, 0.0, 0.0, 0.0, 0.0, 1.0], 'Count': 2, 'Time': 1722308812.7010117}, 'Object 7': {'Probability': {'blu': 1.0, 'ylw': 0.0, 'grn': 0.0}, 'Pose': [1.0, 0.0, 0.0, 0.0, 0.0, 1.0, 0.0, 0.0, 0.0, 0.0, 1.0, 0.0, 0.0, 0.0, 0.0, 1.0], 'Count': 1, 'Time': 1722308812.7165248}}, 'cam': [[0.5144406158234517, -0.707105930976944, 0.485130967026861, -0.4420271352008863], [-0.5145069621430439, -0.7071076279641265, -0.4850581288683692, -0.059931671984640014], [0.6860272871377092, -6.965756129233318e-05, -0.7275758080436014, 0.24650564047423637], [0.0, 0.0, 0.0, 1.0]]}
{'obs': {'Object 1': {'Probability': {'blu': 0.5, 'ylw': 0.25, 'grn': 0.25}, 'Pose': [1.0, 0.0, 0.0, 0.07728481634501147, 0.0, 1.0, 0.0, 0.11552269792810181, 0.0, 0.0, 1.0, 0.3892623852041918, 0.0, 0.0, 0.0, 1.0], 'Count': 4, 'Time': 1722308818.8593538}, 'Object 2': {'Probability': {'blu': 0.16666666666666666, 'ylw': 0.16666666666666666, 'grn': 0.6666666666666666}, 'Pose': [1.0, 0.0, 0.0, 0.01250169048122996, 0.0, 1.0, 0.0, 0.019062338939195015, 0.0, 0.0, 1.0, 0.327720671183228, 0.0, 0.0, 0.0, 1.0], 'Count': 6, 'Time': 1722308818.874911}, 'Object 3': {'Probability': {'blu': 0.6666666666666666, 'ylw': 0.0, 'grn': 0.3333333333333333}, 'Pose': [1.0, 0.0, 0.0, 0.0, 0.0, 1.0, 0.0, 0.0, 0.0, 0.0, 1.0, 0.0, 0.0, 0.0, 0.0, 1.0], 'Count': 3, 'Time': 1722308818.8913043}, 'Object 4': {'Probability': {'blu': 0.5, 'ylw': 0.0, 'grn': 0.5}, 'Pose': [1.0, 0.0, 0.0, 0.07581422542482306, 0.0, 1.0, 0.0, 0.12491277174673854, 0.0, 0.0, 1.0, 0.38159382873208625, 0.0, 0.0, 0.0, 1.0], 'Count': 2, 'Time': 1722308818.9078805}, 'Object 5': {'Probability': {'blu': 0.3333333333333333, 'ylw': 0.3333333333333333, 'grn': 0.3333333333333333}, 'Pose': [1.0, 0.0, 0.0, 0.09032349075797218, 0.0, 1.0, 0.0, 0.051728295846837094, 0.0, 0.0, 1.0, 0.09311428240367345, 0.0, 0.0, 0.0, 1.0], 'Count': 3, 'Time': 1722308818.9252105}, 'Object 6': {'Probability': {'blu': 0.4, 'ylw': 0.2, 'grn': 0.4}, 'Pose': [1.0, 0.0, 0.0, 0.0, 0.0, 1.0, 0.0, 0.0, 0.0, 0.0, 1.0, 0.0, 0.0, 0.0, 0.0, 1.0], 'Count': 5, 'Time': 1722308818.940854}, 'Object 7': {'Probability': {'blu': 0.5, 'ylw': 0.0, 'grn': 0.5}, 'Pose': [1.0, 0.0, 0.0, 0.11586887555683481, 0.0, 1.0, 0.0, 0.045282096543566394, 0.0, 0.0, 1.0, 0.12512530179986034, 0.0, 0.0, 0.0, 1.0], 'Count': 2, 'Time': 1722308818.9584002}, 'Object 8': {'Probability': {'blu': 1.0, 'ylw': 0.0, 'grn': 0.0}, 'Pose': [1.0, 0.0, 0.0, 0.0, 0.0, 1.0, 0.0, 0.0, 0.0, 0.0, 1.0, 0.0, 0.0, 0.0, 0.0, 1.0], 'Count': 1, 'Time': 1722308818.9737988}}, 'cam': [[0.514438726624475, -0.7071047905036656, 0.48513463264928425, -0.4420082052104995], [-0.5144896713108202, -0.7071087696863185, -0.4850748044860552, -0.1100061063588973], [0.6860416712295782, -5.5492955803552e-05, -0.7275622463109664, 0.24652086947740157], [0.0, 0.0, 0.0, 1.0]]}
{'obs': {'Object 1': {'Probability': {'blu': 0.3333333333333333, 'ylw': 0.16666666666666666, 'grn': 0.5}, 'Pose': [1.0, 0.0, 0.0, -0.013697056314848197, 0.0, 1.0, 0.0, -0.0166811698271938, 0.0, 0.0, 1.0, 0.3016148394914903, 0.0, 0.0, 0.0, 1.0], 'Count': 6, 'Time': 1722308825.0397213}, 'Object 2': {'Probability': {'blu': 0.5, 'ylw': 0.25, 'grn': 0.25}, 'Pose': [1.0, 0.0, 0.0, 0.05004074472540181, 0.0, 1.0, 0.0, 0.08006784689465303, 0.0, 0.0, 1.0, 0.3621058058288164, 0.0, 0.0, 0.0, 1.0], 'Count': 4, 'Time': 1722308825.053183}, 'Object 3': {'Probability': {'blu': 0.5, 'ylw': 0.0, 'grn': 0.5}, 'Pose': [1.0, 0.0, 0.0, 0.0, 0.0, 1.0, 0.0, 0.0, 0.0, 0.0, 1.0, 0.0, 0.0, 0.0, 0.0, 1.0], 'Count': 2, 'Time': 1722308825.06661}, 'Object 4': {'Probability': {'blu': 0.3333333333333333, 'ylw': 0.3333333333333333, 'grn': 0.3333333333333333}, 'Pose': [1.0, 0.0, 0.0, 0.13887641916863144, 0.0, 1.0, 0.0, 0.03309584652714628, 0.0, 0.0, 1.0, 0.13974999636411667, 0.0, 0.0, 0.0, 1.0], 'Count': 3, 'Time': 1722308825.0801237}, 'Object 5': {'Probability': {'blu': 0.3333333333333333, 'ylw': 0.3333333333333333, 'grn': 0.3333333333333333}, 'Pose': [1.0, 0.0, 0.0, 0.12209876916704474, 0.0, 1.0, 0.0, 0.06831566604952123, 0.0, 0.0, 1.0, 0.12685142712933675, 0.0, 0.0, 0.0, 1.0], 'Count': 3, 'Time': 1722308825.0933993}, 'Object 6': {'Probability': {'blu': 0.5, 'ylw': 0.0, 'grn': 0.5}, 'Pose': [1.0, 0.0, 0.0, 0.0, 0.0, 1.0, 0.0, 0.0, 0.0, 0.0, 1.0, 0.0, 0.0, 0.0, 0.0, 1.0], 'Count': 2, 'Time': 1722308825.106555}, 'Object 7': {'Probability': {'blu': 0.5, 'ylw': 0.0, 'grn': 0.5}, 'Pose': [1.0, 0.0, 0.0, 0.0, 0.0, 1.0, 0.0, 0.0, 0.0, 0.0, 1.0, 0.0, 0.0, 0.0, 0.0, 1.0], 'Count': 2, 'Time': 1722308825.1198068}, 'Object 8': {'Probability': {'blu': 0.3333333333333333, 'ylw': 0.3333333333333333, 'grn': 0.3333333333333333}, 'Pose': [1.0, 0.0, 0.0, 0.0, 0.0, 1.0, 0.0, 0.0, 0.0, 0.0, 1.0, 0.0, 0.0, 0.0, 0.0, 1.0], 'Count': 3, 'Time': 1722308825.1330426}, 'Object 9': {'Probability': {'blu': 1.0, 'ylw': 0.0, 'grn': 0.0}, 'Pose': [1.0, 0.0, 0.0, 0.0, 0.0, 1.0, 0.0, 0.0, 0.0, 0.0, 1.0, 0.0, 0.0, 0.0, 0.0, 1.0], 'Count': 1, 'Time': 1722308825.1466029}}, 'cam': [[0.5144423586390477, -0.7071027857905652, 0.4851337031840969, -0.44201213021824337], [-0.514451544006251, -0.7071107763909753, -0.48511231563560214, -0.16001006038875393], [0.686067539319182, -1.545879209964611e-05, -0.7275378555467396, 0.24651911677111246], [0.0, 0.0, 0.0, 1.0]]}
{'obs': {'Object 1': {'Probability': {'blu': 0.5, 'ylw': 0.25, 'grn': 0.25}, 'Pose': [1.0, 0.0, 0.0, 0.023101843556947384, 0.0, 1.0, 0.0, 0.043719179355434123, 0.0, 0.0, 1.0, 0.33559049437176325, 0.0, 0.0, 0.0, 1.0], 'Count': 4, 'Time': 1722308831.206863}, 'Object 2': {'Probability': {'blu': 0.2, 'ylw': 0.4, 'grn': 0.4}, 'Pose': [1.0, 0.0, 0.0, -0.03974937314766782, 0.0, 1.0, 0.0, -0.05286821419464396, 0.0, 0.0, 1.0, 0.27838932275383665, 0.0, 0.0, 0.0, 1.0], 'Count': 5, 'Time': 1722308831.2203593}, 'Object 3': {'Probability': {'blu': 0.6666666666666666, 'ylw': 0.0, 'grn': 0.3333333333333333}, 'Pose': [1.0, 0.0, 0.0, 0.0, 0.0, 1.0, 0.0, 0.0, 0.0, 0.0, 1.0, 0.0, 0.0, 0.0, 0.0, 1.0], 'Count': 3, 'Time': 1722308831.2337632}, 'Object 4': {'Probability': {'blu': 0.3333333333333333, 'ylw': 0.3333333333333333, 'grn': 0.3333333333333333}, 'Pose': [1.0, 0.0, 0.0, 0.0, 0.0, 1.0, 0.0, 0.0, 0.0, 0.0, 1.0, 0.0, 0.0, 0.0, 0.0, 1.0], 'Count': 3, 'Time': 1722308831.2468395}, 'Object 5': {'Probability': {'blu': 0.3333333333333333, 'ylw': 0.3333333333333333, 'grn': 0.3333333333333333}, 'Pose': [1.0, 0.0, 0.0, 0.0, 0.0, 1.0, 0.0, 0.0, 0.0, 0.0, 1.0, 0.0, 0.0, 0.0, 0.0, 1.0], 'Count': 3, 'Time': 1722308831.2601743}, 'Object 6': {'Probability': {'blu': 0.3333333333333333, 'ylw': 0.3333333333333333, 'grn': 0.3333333333333333}, 'Pose': [1.0, 0.0, 0.0, 0.0, 0.0, 1.0, 0.0, 0.0, 0.0, 0.0, 1.0, 0.0, 0.0, 0.0, 0.0, 1.0], 'Count': 3, 'Time': 1722308831.2733572}, 'Object 7': {'Probability': {'blu': 0.5, 'ylw': 0.0, 'grn': 0.5}, 'Pose': [1.0, 0.0, 0.0, 0.0, 0.0, 1.0, 0.0, 0.0, 0.0, 0.0, 1.0, 0.0, 0.0, 0.0, 0.0, 1.0], 'Count': 2, 'Time': 1722308831.2879224}, 'Object 8': {'Probability': {'blu': 1.0, 'ylw': 0.0, 'grn': 0.0}, 'Pose': [1.0, 0.0, 0.0, 0.0, 0.0, 1.0, 0.0, 0.0, 0.0, 0.0, 1.0, 0.0, 0.0, 0.0, 0.0, 1.0], 'Count': 1, 'Time': 1722308831.3011308}}, 'cam': [[0.5144567471391023, -0.7071222311701068, 0.4850901004020427, -0.4420358143510192], [-0.5145490253687361, -0.7070913272056839, -0.48503727226120275, -0.20997105854450138], [0.6859836410696231, -7.194104917200609e-05, -0.7276169589896514, 0.24651255839656433], [0.0, 0.0, 0.0, 1.0]]}
{'obs': {'Object 1': {'Probability': {'blu': 0.4, 'ylw': 0.2, 'grn': 0.4}, 'Pose': [1.0, 0.0, 0.0, -0.0028660180834652878, 0.0, 1.0, 0.0, 0.007612631038729029, 0.0, 0.0, 1.0, 0.31015663019008854, 0.0, 0.0, 0.0, 1.0], 'Count': 5, 'Time': 1722308837.377343}, 'Object 2': {'Probability': {'blu': 0.2, 'ylw': 0.2, 'grn': 0.6}, 'Pose': [1.0, 0.0, 0.0, -0.06625460568701573, 0.0, 1.0, 0.0, -0.08765570575195712, 0.0, 0.0, 1.0, 0.2535347692311051, 0.0, 0.0, 0.0, 1.0], 'Count': 5, 'Time': 1722308837.3905644}, 'Object 3': {'Probability': {'blu': 1.0, 'ylw': 0.0, 'grn': 0.0}, 'Pose': [1.0, 0.0, 0.0, 0.0, 0.0, 1.0, 0.0, 0.0, 0.0, 0.0, 1.0, 0.0, 0.0, 0.0, 0.0, 1.0], 'Count': 1, 'Time': 1722308837.4036808}}, 'cam': [[0.514470490710629, -0.7070806448322395, 0.48513614160520857, -0.441985142260462], [-0.5144656551376088, -0.7071329157470925, -0.4850650772327834, -0.2600159512461879], [0.6860358619429421, -3.421461131621099e-05, -0.7275677253407856, 0.24653347511232862], [0.0, 0.0, 0.0, 1.0]]}
{'obs': {'Object 1': {'Probability': {'blu': 0.5, 'ylw': 0.16666666666666666, 'grn': 0.3333333333333333}, 'Pose': [1.0, 0.0, 0.0, -0.02773510152702425, 0.0, 1.0, 0.0, -0.02732886724009167, 0.0, 0.0, 1.0, 0.28753417500807776, 0.0, 0.0, 0.0, 1.0], 'Count': 6, 'Time': 1722308843.440406}, 'Object 2': {'Probability': {'blu': 0.2, 'ylw': 0.2, 'grn': 0.6}, 'Pose': [1.0, 0.0, 0.0, -0.08961855486466903, 0.0, 1.0, 0.0, -0.11411639198424733, 0.0, 0.0, 1.0, 0.23055088670840748, 0.0, 0.0, 0.0, 1.0], 'Count': 5, 'Time': 1722308843.4537852}, 'Object 3': {'Probability': {'blu': 1.0, 'ylw': 0.0, 'grn': 0.0}, 'Pose': [1.0, 0.0, 0.0, 0.0, 0.0, 1.0, 0.0, 0.0, 0.0, 0.0, 1.0, 0.0, 0.0, 0.0, 0.0, 1.0], 'Count': 1, 'Time': 1722308843.4670525}}, 'cam': [[0.514511447874406, -0.7070825393059116, 0.48508994280946144, -0.4419727094025555], [-0.5144860314209739, -0.7071310221630802, -0.4850462255984415, -0.3100020060894952], [0.6859898639767785, -1.0163739597210768e-05, -0.7276110955845982, 0.2465359392720683], [0.0, 0.0, 0.0, 1.0]]}
{'obs': {'Object 1': {'Probability': {'blu': 0.5555555555555556, 'ylw': 0.1111111111111111, 'grn': 0.3333333333333333}, 'Pose': [1.0, 0.0, 0.0, -0.054390407635340324, 0.0, 1.0, 0.0, -0.06298066211810494, 0.0, 0.0, 1.0, 0.2632074900802511, 0.0, 0.0, 0.0, 1.0], 'Count': 9, 'Time': 1722308849.5306478}, 'Object 2': {'Probability': {'blu': 0.4, 'ylw': 0.4, 'grn': 0.2}, 'Pose': [1.0, 0.0, 0.0, 0.0, 0.0, 1.0, 0.0, 0.0, 0.0, 0.0, 1.0, 0.0, 0.0, 0.0, 0.0, 1.0], 'Count': 5, 'Time': 1722308849.5456645}, 'Object 3': {'Probability': {'blu': 0.5, 'ylw': 0.0, 'grn': 0.5}, 'Pose': [1.0, 0.0, 0.0, 0.0, 0.0, 1.0, 0.0, 0.0, 0.0, 0.0, 1.0, 0.0, 0.0, 0.0, 0.0, 1.0], 'Count': 2, 'Time': 1722308849.5618167}, 'Object 4': {'Probability': {'blu': 0.5, 'ylw': 0.5, 'grn': 0.0}, 'Pose': [1.0, 0.0, 0.0, 0.4026048652853407, 0.0, 1.0, 0.0, 0.21305949867265336, 0.0, 0.0, 1.0, 0.48052068928192404, 0.0, 0.0, 0.0, 1.0], 'Count': 2, 'Time': 1722308849.578489}, 'Object 5': {'Probability': {'blu': 1.0, 'ylw': 0.0, 'grn': 0.0}, 'Pose': [1.0, 0.0, 0.0, 0.0, 0.0, 1.0, 0.0, 0.0, 0.0, 0.0, 1.0, 0.0, 0.0, 0.0, 0.0, 1.0], 'Count': 2, 'Time': 1722308849.5952291}, 'Object 6': {'Probability': {'blu': 1.0, 'ylw': 0.0, 'grn': 0.0}, 'Pose': [1.0, 0.0, 0.0, 0.0, 0.0, 1.0, 0.0, 0.0, 0.0, 0.0, 1.0, 0.0, 0.0, 0.0, 0.0, 1.0], 'Count': 1, 'Time': 1722308849.611843}}, 'cam': [[0.514508302779287, -0.7070996852544273, 0.4850682853828594, -0.44200584613017035], [-0.5144948710292249, -0.7071138770402133, -0.485061844079473, -0.35997139859414307], [0.6859855931838499, 3.201211899214369e-06, -0.7276151221174241, 0.24653206931906496], [0.0, 0.0, 0.0, 1.0]]}
{'obs': {'Object 1': {'Probability': {'blu': 0.4, 'ylw': 0.2, 'grn': 0.4}, 'Pose': [1.0, 0.0, 0.0, -0.08041625248031267, 0.0, 1.0, 0.0, -0.09742386032692603, 0.0, 0.0, 1.0, 0.23981658563277328, 0.0, 0.0, 0.0, 1.0], 'Count': 5, 'Time': 1722308855.739389}, 'Object 2': {'Probability': {'blu': 0.6666666666666666, 'ylw': 0.0, 'grn': 0.3333333333333333}, 'Pose': [1.0, 0.0, 0.0, 0.0, 0.0, 1.0, 0.0, 0.0, 0.0, 0.0, 1.0, 0.0, 0.0, 0.0, 0.0, 1.0], 'Count': 3, 'Time': 1722308855.7555165}, 'Object 3': {'Probability': {'blu': 0.5, 'ylw': 0.5, 'grn': 0.0}, 'Pose': [1.0, 0.0, 0.0, 0.3814635388785119, 0.0, 1.0, 0.0, 0.19843059482331998, 0.0, 0.0, 1.0, 0.4433333237965902, 0.0, 0.0, 0.0, 1.0], 'Count': 2, 'Time': 1722308855.771225}, 'Object 4': {'Probability': {'blu': 0.3333333333333333, 'ylw': 0.3333333333333333, 'grn': 0.3333333333333333}, 'Pose': [1.0, 0.0, 0.0, 0.15816046468065476, 0.0, 1.0, 0.0, 0.03652536530536437, 0.0, 0.0, 1.0, 0.1623581084045204, 0.0, 0.0, 0.0, 1.0], 'Count': 3, 'Time': 1722308855.7882087}, 'Object 5': {'Probability': {'blu': 1.0, 'ylw': 0.0, 'grn': 0.0}, 'Pose': [1.0, 0.0, 0.0, 0.0, 0.0, 1.0, 0.0, 0.0, 0.0, 0.0, 1.0, 0.0, 0.0, 0.0, 0.0, 1.0], 'Count': 1, 'Time': 1722308855.8030853}}, 'cam': [[0.5144458816271775, -0.707132829432842, 0.4850861742156123, -0.44199429517182737], [-0.5145020164278025, -0.7070807317309973, -0.4851025808078977, -0.4099968070299474], [0.6860270475488277, -1.878991184274574e-05, -0.7275760370424371, 0.2465535738709426], [0.0, 0.0, 0.0, 1.0]]}
{'obs': {'Object 1': {'Probability': {'blu': 0.5, 'ylw': 0.25, 'grn': 0.25}, 'Pose': [1.0, 0.0, 0.0, 0.0, 0.0, 1.0, 0.0, 0.0, 0.0, 0.0, 1.0, 0.0, 0.0, 0.0, 0.0, 1.0], 'Count': 4, 'Time': 1722308861.932614}, 'Object 2': {'Probability': {'blu': 0.3333333333333333, 'ylw': 0.3333333333333333, 'grn': 0.3333333333333333}, 'Pose': [1.0, 0.0, 0.0, 0.0, 0.0, 1.0, 0.0, 0.0, 0.0, 0.0, 1.0, 0.0, 0.0, 0.0, 0.0, 1.0], 'Count': 3, 'Time': 1722308861.948138}, 'Object 3': {'Probability': {'blu': 0.5, 'ylw': 0.5, 'grn': 0.0}, 'Pose': [1.0, 0.0, 0.0, 0.0, 0.0, 1.0, 0.0, 0.0, 0.0, 0.0, 1.0, 0.0, 0.0, 0.0, 0.0, 1.0], 'Count': 2, 'Time': 1722308861.9620667}, 'Object 4': {'Probability': {'blu': 1.0, 'ylw': 0.0, 'grn': 0.0}, 'Pose': [1.0, 0.0, 0.0, -0.10771235136812049, 0.0, 1.0, 0.0, -0.12102779792663974, 0.0, 0.0, 1.0, 0.22678170933034625, 0.0, 0.0, 0.0, 1.0], 'Count': 1, 'Time': 1722308861.9757543}}, 'cam': [[0.5143956503675763, -0.7071153877781678, 0.48516486192865377, -0.44200140858350206], [-0.514529376273886, -0.7070981634565093, -0.48504815038059695, -0.4599971699417951], [0.6860441937908408, -0.0001249150235390493, -0.7275598590920971, 0.24647519368720136], [0.0, 0.0, 0.0, 1.0]]}
{'obs': {'Object 1': {'Probability': {'blu': 0.5, 'ylw': 0.25, 'grn': 0.25}, 'Pose': [1.0, 0.0, 0.0, 0.0, 0.0, 1.0, 0.0, 0.0, 0.0, 0.0, 1.0, 0.0, 0.0, 0.0, 0.0, 1.0], 'Count': 4, 'Time': 1722308868.1569386}, 'Object 2': {'Probability': {'blu': 1.0, 'ylw': 0.0, 'grn': 0.0}, 'Pose': [1.0, 0.0, 0.0, 0.0, 0.0, 1.0, 0.0, 0.0, 0.0, 0.0, 1.0, 0.0, 0.0, 0.0, 0.0, 1.0], 'Count': 1, 'Time': 1722308868.173442}}, 'cam': [[0.514497911857402, -0.7071182240854166, 0.4850522815745323, -0.4420339003578387], [-0.5145195640369187, -0.7070953380837164, -0.485062677479451, -0.5099703430236846], [0.6859748660976085, -5.153767703173033e-06, -0.7276252353071646, 0.24651647176289024], [0.0, 0.0, 0.0, 1.0]]}
{'obs': {'Object 1': {'Probability': {'blu': 0.5, 'ylw': 0.25, 'grn': 0.25}, 'Pose': [1.0, 0.0, 0.0, 0.0, 0.0, 1.0, 0.0, 0.0, 0.0, 0.0, 1.0, 0.0, 0.0, 0.0, 0.0, 1.0], 'Count': 4, 'Time': 1722308874.3421588}, 'Object 2': {'Probability': {'blu': 0.6666666666666666, 'ylw': 0.0, 'grn': 0.3333333333333333}, 'Pose': [1.0, 0.0, 0.0, 0.0, 0.0, 1.0, 0.0, 0.0, 0.0, 0.0, 1.0, 0.0, 0.0, 0.0, 0.0, 1.0], 'Count': 3, 'Time': 1722308874.3590834}, 'Object 3': {'Probability': {'blu': 0.4, 'ylw': 0.2, 'grn': 0.4}, 'Pose': [1.0, 0.0, 0.0, 0.0, 0.0, 1.0, 0.0, 0.0, 0.0, 0.0, 1.0, 0.0, 0.0, 0.0, 0.0, 1.0], 'Count': 5, 'Time': 1722308874.3743858}, 'Object 4': {'Probability': {'blu': 0.5, 'ylw': 0.0, 'grn': 0.5}, 'Pose': [1.0, 0.0, 0.0, 0.2744370841625368, 0.0, 1.0, 0.0, 0.10481123602760864, 0.0, 0.0, 1.0, 0.3251177540075952, 0.0, 0.0, 0.0, 1.0], 'Count': 2, 'Time': 1722308874.3912678}, 'Object 5': {'Probability': {'blu': 0.5, 'ylw': 0.0, 'grn': 0.5}, 'Pose': [1.0, 0.0, 0.0, 0.0, 0.0, 1.0, 0.0, 0.0, 0.0, 0.0, 1.0, 0.0, 0.0, 0.0, 0.0, 1.0], 'Count': 2, 'Time': 1722308874.4081576}, 'Object 6': {'Probability': {'blu': 0.5, 'ylw': 0.5, 'grn': 0.0}, 'Pose': [1.0, 0.0, 0.0, 0.0, 0.0, 1.0, 0.0, 0.0, 0.0, 0.0, 1.0, 0.0, 0.0, 0.0, 0.0, 1.0], 'Count': 2, 'Time': 1722308874.4247532}, 'Object 7': {'Probability': {'blu': 1.0, 'ylw': 0.0, 'grn': 0.0}, 'Pose': [1.0, 0.0, 0.0, 0.0, 0.0, 1.0, 0.0, 0.0, 0.0, 0.0, 1.0, 0.0, 0.0, 0.0, 0.0, 1.0], 'Count': 1, 'Time': 1722308874.441363}}, 'cam': [[0.5145132532613667, -0.7071214189341541, 0.4850313506392687, -0.44204805264755315], [-0.5144859400415112, -0.7070921413601462, -0.4851030005332119, -0.5599653752771484], [0.685988578416585, 5.011258794530811e-05, -0.7276123059505807, 0.24652616635020003], [0.0, 0.0, 0.0, 1.0]]}
