robot_state/gripper_position,robot_state/applied_force,robot_state/contact_force,gripper_position,gripper_force
105.368,0.15,0.0,-7.593,0.375
98.181,0.525,0.0,-10.856,0.011
87.498,0.536,0.0,-9.516,0.184
77.891,0.72,0.0,-9.071,0.217
69.407,0.937,0.0,-7.773,0.0
61.695,0.937,0.0,-8.6,0.222
53.896,1.159,0.079,-11.568,0.066
43.158,1.225,0.096,-8.416,0.09
35.169,1.316,0.112,-15.829,0.175
19.987,1.49,0.098,-14.588,0.237
