robot_state/gripper_position,robot_state/applied_force,robot_state/contact_force,gripper_position,gripper_force
105.477,0.15,0.0,-7.022,0.623
98.606,0.773,0.0,-10.987,0.0
87.325,0.773,0.0,-0.329,0.258
87.496,1.031,0.0,-1.305,0.51
86.461,1.541,0.0,-10.789,0.072
75.969,1.613,0.0,-9.341,0.148
66.943,1.761,0.024,-7.954,0.231
59.339,1.992,0.038,-6.265,0.491
53.895,2.484,0.081,-12.391,0.077
42.932,2.561,0.163,-10.849,0.042
