{'time': 1722539363.8321326, 'symbols': [{'name': 'GraspObj', 'time': 1722539363.8321345, 'label': 'grnBlock', 'labels': {'bluBlock': 0.36653365134401894, 'ylwBlock': 0.2472350451057556, 'grnBlock': 0.38623130355022556, 'NOTHING': 0.0}, 'pose': [[-0.3778159145595361, -0.6977421043959987, 0.6086140734969778, -0.3469146814312801], [-0.9254281957528194, 0.26403284498647905, -0.27178909336841983, -0.3913335079339185], [0.028944588634544743, -0.6659148688243786, -0.7454660275742871, 0.0125], [0.0, 0.0, 0.0, 1.0]], 'index': 17, 'prob': 0.5, 'score': 1.9972201610545848}, {'name': 'GraspObj', 'time': 1722539363.8321378, 'label': 'bluBlock', 'labels': {'bluBlock': 0.487212772411357, 'ylwBlock': 7.610891801081241e-06, 'grnBlock': 0.5127796166968418, 'NOTHING': 0.0}, 'pose': [[-0.3778159145595361, -0.6977421043959987, 0.6086140734969778, -0.34772502876652894], [-0.9254281957528194, 0.26403284498647905, -0.27178909336841983, -0.3359747357392839], [0.028944588634544743, -0.6659148688243786, -0.7454660275742871, 0.0125], [0.0, 0.0, 0.0, 1.0]], 'index': 27, 'prob': 0.375, 'score': 1.7500697708269333}], 'LKGmem': [{'name': 'ObjectReading', 'time': 1722539363.83214, 'ts': 1722539363.8321083, 'labels': {'bluBlock': 0.375, 'ylwBlock': 0.25, 'grnBlock': 0.375, 'NOTHING': 0.0}, 'pose': [[-0.3778159145595361, -0.6977421043959987, 0.6086140734969778, -0.34772502876652894], [-0.9254281957528194, 0.26403284498647905, -0.27178909336841983, -0.3359747357392839], [0.028944588634544743, -0.6659148688243786, -0.7454660275742871, 0.0125], [0.0, 0.0, 0.0, 1.0]], 'index': 5, 'score': 2.0171923626651305}, {'name': 'ObjectReading', 'time': 1722539363.8321438, 'ts': 1722539363.7904806, 'labels': {'bluBlock': 0.3333333333333333, 'ylwBlock': 0.3333333333333333, 'grnBlock': 0.3333333333333333, 'NOTHING': 0.0}, 'pose': [[-0.3778159145595361, -0.6977421043959987, 0.6086140734969778, -0.3529683968496707], [-0.9254281957528194, 0.26403284498647905, -0.27178909336841983, -0.44603696158013867], [0.028944588634544743, -0.6659148688243786, -0.7454660275742871, 0.0125], [0.0, 0.0, 0.0, 1.0]], 'index': 6, 'score': 1.24254289368785}, {'name': 'ObjectReading', 'time': 1722539363.8321455, 'ts': 1722539363.8321207, 'labels': {'bluBlock': 0.25, 'ylwBlock': 0.25, 'grnBlock': 0.5, 'NOTHING': 0.0}, 'pose': [[-0.3778159145595361, -0.6977421043959987, 0.6086140734969778, -0.3469146814312801], [-0.9254281957528194, 0.26403284498647905, -0.27178909336841983, -0.3913335079339185], [0.028944588634544743, -0.6659148688243786, -0.7454660275742871, 0.0125], [0.0, 0.0, 0.0, 1.0]], 'index': 7, 'score': 2.0171923626651305}, {'name': 'ObjectReading', 'time': 1722539363.832147, 'ts': 1722539363.8306873, 'labels': {'bluBlock': 1.0, 'ylwBlock': 0.0, 'grnBlock': 0.0, 'NOTHING': 0.0}, 'pose': [[-0.3778159145595361, -0.6977421043959987, 0.6086140734969778, -0.32987506700674196], [-0.9254281957528194, 0.26403284498647905, -0.27178909336841983, -0.41973080633182946], [0.028944588634544743, -0.6659148688243786, -0.7454660275742871, 0.0125], [0.0, 0.0, 0.0, 1.0]], 'index': 9, 'score': 0.999944450014027}], 'beliefs': [{'name': 'ObjectReading', 'time': 1722539363.8321488, 'ts': 1722539363.7768164, 'labels': {'bluBlock': 0.487212772411357, 'ylwBlock': 7.610891801081241e-06, 'grnBlock': 0.5127796166968418, 'NOTHING': 0.0}, 'pose': [[-0.3778159145595361, -0.6977421043959987, 0.6086140734969778, -0.34772502876652894], [-0.9254281957528194, 0.26403284498647905, -0.27178909336841983, -0.3359747357392839], [0.028944588634544743, -0.6659148688243786, -0.7454660275742871, 0.0125], [0.0, 0.0, 0.0, 1.0]], 'index': 10, 'score': 1.7500697708269333}, {'name': 'ObjectReading', 'time': 1722539363.8321505, 'ts': 1722539363.7904806, 'labels': {'bluBlock': 0.20368108987463623, 'ylwBlock': 0.41069615373388746, 'grnBlock': 0.3856227563914764, 'NOTHING': 0.0}, 'pose': [[-0.3778159145595361, -0.6977421043959987, 0.6086140734969778, -0.3529683968496707], [-0.9254281957528194, 0.26403284498647905, -0.27178909336841983, -0.44603696158013867], [0.028944588634544743, -0.6659148688243786, -0.7454660275742871, 0.0125], [0.0, 0.0, 0.0, 1.0]], 'index': 11, 'score': 1.24254289368785}, {'name': 'ObjectReading', 'time': 1722539363.832152, 'ts': 1722539363.8039806, 'labels': {'bluBlock': 0.36653365134401894, 'ylwBlock': 0.2472350451057556, 'grnBlock': 0.38623130355022556, 'NOTHING': 0.0}, 'pose': [[-0.3778159145595361, -0.6977421043959987, 0.6086140734969778, -0.3469146814312801], [-0.9254281957528194, 0.26403284498647905, -0.27178909336841983, -0.3913335079339185], [0.028944588634544743, -0.6659148688243786, -0.7454660275742871, 0.0125], [0.0, 0.0, 0.0, 1.0]], 'index': 12, 'score': 1.9972201610545848}, {'name': 'ObjectReading', 'time': 1722539363.832153, 'ts': 1722539363.8174846, 'labels': {'bluBlock': 0.9723958668166096, 'ylwBlock': 0.01380205635714269, 'grnBlock': 0.013802076826247681, 'NOTHING': 0.0}, 'pose': [[-0.3778159145595361, -0.6977421043959987, 0.6086140734969778, -0.35940187777771504], [-0.9254281957528194, 0.26403284498647905, -0.27178909336841983, -0.335099439028846], [0.028944588634544743, -0.6659148688243786, -0.7454660275742871, 0.0125], [0.0, 0.0, 0.0, 1.0]], 'index': 13, 'score': 0.9992845711505991}, {'name': 'ObjectReading', 'time': 1722539363.8321543, 'ts': 1722539363.8306873, 'labels': {'bluBlock': 1.0, 'ylwBlock': 0.0, 'grnBlock': 0.0, 'NOTHING': 0.0}, 'pose': [[-0.3778159145595361, -0.6977421043959987, 0.6086140734969778, -0.32987506700674196], [-0.9254281957528194, 0.26403284498647905, -0.27178909336841983, -0.41973080633182946], [0.028944588634544743, -0.6659148688243786, -0.7454660275742871, 0.0125], [0.0, 0.0, 0.0, 1.0]], 'index': 14, 'score': 0.999944450014027}]}
{'time': 1722539365.2643144, 'symbols': [{'name': 'GraspObj', 'time': 1722539365.2643158, 'label': 'bluBlock', 'labels': {'bluBlock': 1.0, 'ylwBlock': 0.0, 'grnBlock': 0.0, 'NOTHING': 0.0}, 'pose': [[-0.37780030745462745, -0.6977742570904061, 0.6085868991599481, -0.32976460078042125], [-0.9254321365969099, 0.26397760043225293, -0.27182933436939377, -0.4195915678242124], [0.029022202550234688, -0.6659030804944228, -0.745473540205936, 0.0125], [0.0, 0.0, 0.0, 1.0]], 'index': 112, 'prob': 1.0, 'score': 1.9979946659867913}, {'name': 'GraspObj', 'time': 1722539365.2643194, 'label': 'grnBlock', 'labels': {'bluBlock': 0.25, 'ylwBlock': 0.25, 'grnBlock': 0.5, 'NOTHING': 0.0}, 'pose': [[-0.3778159145595361, -0.6977421043959987, 0.6086140734969778, -0.3469146814312801], [-0.9254281957528194, 0.26403284498647905, -0.27178909336841983, -0.3913335079339185], [0.028944588634544743, -0.6659148688243786, -0.7454660275742871, 0.0125], [0.0, 0.0, 0.0, 1.0]], 'index': 118, 'prob': 0.5, 'score': 1.8778605831619577}], 'LKGmem': [{'name': 'ObjectReading', 'time': 1722539365.264322, 'ts': 1722539363.8321083, 'labels': {'bluBlock': 0.375, 'ylwBlock': 0.25, 'grnBlock': 0.375, 'NOTHING': 0.0}, 'pose': [[-0.3778159145595361, -0.6977421043959987, 0.6086140734969778, -0.34772502876652894], [-0.9254281957528194, 0.26403284498647905, -0.27178909336841983, -0.3359747357392839], [0.028944588634544743, -0.6659148688243786, -0.7454660275742871, 0.0125], [0.0, 0.0, 0.0, 1.0]], 'index': 5, 'score': 1.8778594190985034}, {'name': 'ObjectReading', 'time': 1722539365.264324, 'ts': 1722539365.203155, 'labels': {'bluBlock': 0.3333333333333333, 'ylwBlock': 0.3333333333333333, 'grnBlock': 0.3333333333333333, 'NOTHING': 0.0}, 'pose': [[-0.37780030745462745, -0.6977742570904061, 0.6085868991599481, -0.3524966770625912], [-0.9254321365969099, 0.26397760043225293, -0.27182933436939377, -0.4462787508569068], [0.029022202550234688, -0.6659030804944228, -0.745473540205936, 0.0125], [0.0, 0.0, 0.0, 1.0]], 'index': 106, 'score': 1.2413557396525854}, {'name': 'ObjectReading', 'time': 1722539365.2643251, 'ts': 1722539365.2642977, 'labels': {'bluBlock': 0.25, 'ylwBlock': 0.25, 'grnBlock': 0.5, 'NOTHING': 0.0}, 'pose': [[-0.3778159145595361, -0.6977421043959987, 0.6086140734969778, -0.3469146814312801], [-0.9254281957528194, 0.26403284498647905, -0.27178909336841983, -0.3913335079339185], [0.028944588634544743, -0.6659148688243786, -0.7454660275742871, 0.0125], [0.0, 0.0, 0.0, 1.0]], 'index': 7, 'score': 2.0179746126466593}, {'name': 'ObjectReading', 'time': 1722539365.2643266, 'ts': 1722539365.264302, 'labels': {'bluBlock': 1.0, 'ylwBlock': 0.0, 'grnBlock': 0.0, 'NOTHING': 0.0}, 'pose': [[-0.37780030745462745, -0.6977742570904061, 0.6085868991599481, -0.32976460078042125], [-0.9254321365969099, 0.26397760043225293, -0.27182933436939377, -0.4195915678242124], [0.029022202550234688, -0.6659030804944228, -0.745473540205936, 0.0125], [0.0, 0.0, 0.0, 1.0]], 'index': 109, 'score': 2.0179746126466593}, {'name': 'ObjectReading', 'time': 1722539365.2643282, 'ts': 1722539365.2567399, 'labels': {'bluBlock': 1.0, 'ylwBlock': 0.0, 'grnBlock': 0.0, 'NOTHING': 0.0}, 'pose': [[-0.37780030745462745, -0.6977742570904061, 0.6085868991599481, -0.3394017462850728], [-0.9254321365969099, 0.26397760043225293, -0.27182933436939377, -0.5783220309343129], [0.029022202550234688, -0.6659030804944228, -0.745473540205936, 0.0125], [0.0, 0.0, 0.0, 1.0]], 'index': 110, 'score': 0.9996575346029997}], 'beliefs': [{'name': 'ObjectReading', 'time': 1722539365.2643301, 'ts': 1722539365.257284, 'labels': {'bluBlock': 0.487212772411357, 'ylwBlock': 7.610891801081241e-06, 'grnBlock': 0.5127796166968418, 'NOTHING': 0.0}, 'pose': [[1.0, 0.0, 0.0, -0.34732891243944697], [0.0, 1.0, 0.0, -0.3364993706257896], [0.0, 0.0, 1.0, 0.0125], [0.0, 0.0, 0.0, 1.0]], 'index': 10, 'score': 1.7519294412395208}, {'name': 'ObjectReading', 'time': 1722539365.2643318, 'ts': 1722539365.2580814, 'labels': {'bluBlock': 0.20368108987463623, 'ylwBlock': 0.41069615373388746, 'grnBlock': 0.3856227563914764, 'NOTHING': 0.0}, 'pose': [[1.0, 0.0, 0.0, -0.3527322933265016], [0.0, 1.0, 0.0, -0.4461579810956924], [0.0, 0.0, 1.0, 0.0125], [0.0, 0.0, 0.0, 1.0]], 'index': 11, 'score': 1.2434864636028624}, {'name': 'ObjectReading', 'time': 1722539365.2643332, 'ts': 1722539365.2588372, 'labels': {'bluBlock': 0.36653365134401894, 'ylwBlock': 0.2472350451057556, 'grnBlock': 0.38623130355022556, 'NOTHING': 0.0}, 'pose': [[1.0, 0.0, 0.0, -0.34681585094512646], [0.0, 1.0, 0.0, -0.3913485886967336], [0.0, 0.0, 1.0, 0.0125], [0.0, 0.0, 0.0, 1.0]], 'index': 12, 'score': 1.8019969262671804}, {'name': 'ObjectReading', 'time': 1722539365.2643347, 'ts': 1722539365.2595842, 'labels': {'bluBlock': 0.9723958668166096, 'ylwBlock': 0.01380205635714269, 'grnBlock': 0.013802076826247681, 'NOTHING': 0.0}, 'pose': [[1.0, 0.0, 0.0, -0.3590688425595069], [0.0, 1.0, 0.0, -0.33516377721671303], [0.0, 0.0, 1.0, 0.0125], [0.0, 0.0, 0.0, 1.0]], 'index': 13, 'score': 0.9994421978916697}, {'name': 'ObjectReading', 'time': 1722539365.2643359, 'ts': 1722539365.2604353, 'labels': {'bluBlock': 1.0, 'ylwBlock': 0.0, 'grnBlock': 0.0, 'NOTHING': 0.0}, 'pose': [[1.0, 0.0, 0.0, -0.3298014214921924], [0.0, 1.0, 0.0, -0.41963797894123134], [0.0, 0.0, 1.0, 0.0125], [0.0, 0.0, 0.0, 1.0]], 'index': 14, 'score': 1.666397600982042}, {'name': 'ObjectReading', 'time': 1722539365.264337, 'ts': 1722539365.2567399, 'labels': {'grnBlock': 0.0, 'bluBlock': 1.0, 'ylwBlock': 0.0, 'NOTHING': 0.0}, 'pose': [[-0.37780030745462745, -0.6977742570904061, 0.6085868991599481, -0.3394017462850728], [-0.9254321365969099, 0.26397760043225293, -0.27182933436939377, -0.5783220309343129], [0.029022202550234688, -0.6659030804944228, -0.745473540205936, 0.0125], [0.0, 0.0, 0.0, 1.0]], 'index': 111, 'score': 1.3692867727109623}]}
{'time': 1722539366.7421405, 'symbols': [{'name': 'GraspObj', 'time': 1722539366.7421422, 'label': 'bluBlock', 'labels': {'bluBlock': 1.0, 'ylwBlock': 0.0, 'grnBlock': 0.0, 'NOTHING': 0.0}, 'pose': [[-0.37780030745462745, -0.6977742570904061, 0.6085868991599481, -0.32976460078042125], [-0.9254321365969099, 0.26397760043225293, -0.27182933436939377, -0.4195915678242124], [0.029022202550234688, -0.6659030804944228, -0.745473540205936, 0.0125], [0.0, 0.0, 0.0, 1.0]], 'index': 462, 'prob': 1.0, 'score': 1.8743036668779887}, {'name': 'GraspObj', 'time': 1722539366.742146, 'label': 'grnBlock', 'labels': {'bluBlock': 0.25, 'ylwBlock': 0.25, 'grnBlock': 0.5, 'NOTHING': 0.0}, 'pose': [[-0.3778159145595361, -0.6977421043959987, 0.6086140734969778, -0.3469146814312801], [-0.9254281957528194, 0.26403284498647905, -0.27178909336841983, -0.3913335079339185], [0.028944588634544743, -0.6659148688243786, -0.7454660275742871, 0.0125], [0.0, 0.0, 0.0, 1.0]], 'index': 468, 'prob': 0.5, 'score': 1.8743032646960964}], 'LKGmem': [{'name': 'ObjectReading', 'time': 1722539366.7421484, 'ts': 1722539363.8321083, 'labels': {'bluBlock': 0.375, 'ylwBlock': 0.25, 'grnBlock': 0.375, 'NOTHING': 0.0}, 'pose': [[-0.3778159145595361, -0.6977421043959987, 0.6086140734969778, -0.34772502876652894], [-0.9254281957528194, 0.26403284498647905, -0.27178909336841983, -0.3359747357392839], [0.028944588634544743, -0.6659148688243786, -0.7454660275742871, 0.0125], [0.0, 0.0, 0.0, 1.0]], 'index': 5, 'score': 1.6236321457573482}, {'name': 'ObjectReading', 'time': 1722539366.74215, 'ts': 1722539366.6949856, 'labels': {'bluBlock': 0.3333333333333333, 'ylwBlock': 0.3333333333333333, 'grnBlock': 0.3333333333333333, 'NOTHING': 0.0}, 'pose': [[-0.37780180006427794, -0.6977147573367699, 0.6086541852831406, -0.35283759627279804], [-0.925432948434138, 0.2639849774357896, -0.2718194062989673, -0.4462127877487508], [0.02897684973714003, -0.6659624982555084, -0.7454222247133455, 0.0125], [0.0, 0.0, 0.0, 1.0]], 'index': 458, 'score': 1.242223523044262}, {'name': 'ObjectReading', 'time': 1722539366.7421515, 'ts': 1722539366.7421234, 'labels': {'bluBlock': 0.25, 'ylwBlock': 0.25, 'grnBlock': 0.5, 'NOTHING': 0.0}, 'pose': [[-0.3778159145595361, -0.6977421043959987, 0.6086140734969778, -0.3469146814312801], [-0.9254281957528194, 0.26403284498647905, -0.27178909336841983, -0.3913335079339185], [0.028944588634544743, -0.6659148688243786, -0.7454660275742871, 0.0125], [0.0, 0.0, 0.0, 1.0]], 'index': 7, 'score': 1.8930467035467686}, {'name': 'ObjectReading', 'time': 1722539366.742153, 'ts': 1722539366.7421277, 'labels': {'bluBlock': 1.0, 'ylwBlock': 0.0, 'grnBlock': 0.0, 'NOTHING': 0.0}, 'pose': [[-0.37780030745462745, -0.6977742570904061, 0.6085868991599481, -0.32976460078042125], [-0.9254321365969099, 0.26397760043225293, -0.27182933436939377, -0.4195915678242124], [0.029022202550234688, -0.6659030804944228, -0.745473540205936, 0.0125], [0.0, 0.0, 0.0, 1.0]], 'index': 109, 'score': 1.8930467035467686}, {'name': 'ObjectReading', 'time': 1722539366.7421546, 'ts': 1722539365.2567399, 'labels': {'bluBlock': 1.0, 'ylwBlock': 0.0, 'grnBlock': 0.0, 'NOTHING': 0.0}, 'pose': [[-0.37780030745462745, -0.6977742570904061, 0.6085868991599481, -0.3394017462850728], [-0.9254321365969099, 0.26397760043225293, -0.27182933436939377, -0.5783220309343129], [0.029022202550234688, -0.6659030804944228, -0.745473540205936, 0.0125], [0.0, 0.0, 0.0, 1.0]], 'index': 110, 'score': 0.9281352988056218}], 'beliefs': [{'name': 'ObjectReading', 'time': 1722539366.7421563, 'ts': 1722539366.735259, 'labels': {'bluBlock': 0.487212772411357, 'ylwBlock': 7.610891801081241e-06, 'grnBlock': 0.5127796166968418, 'NOTHING': 0.0}, 'pose': [[1.0, 0.0, 0.0, -0.3471925074417813], [0.0, 1.0, 0.0, -0.3362857476575799], [0.0, 0.0, 1.0, 0.0125], [0.0, 0.0, 0.0, 1.0]], 'index': 10, 'score': 1.7528675145765364}, {'name': 'ObjectReading', 'time': 1722539366.7421575, 'ts': 1722539366.7362695, 'labels': {'bluBlock': 0.20368108987463623, 'ylwBlock': 0.41069615373388746, 'grnBlock': 0.3856227563914764, 'NOTHING': 0.0}, 'pose': [[1.0, 0.0, 0.0, -0.35278497920177687], [0.0, 1.0, 0.0, -0.44618540232737536], [0.0, 0.0, 1.0, 0.0125], [0.0, 0.0, 0.0, 1.0]], 'index': 11, 'score': 1.2439780838913344}, {'name': 'ObjectReading', 'time': 1722539366.7421591, 'ts': 1722539366.7373521, 'labels': {'bluBlock': 0.36653365134401894, 'ylwBlock': 0.2472350451057556, 'grnBlock': 0.38623130355022556, 'NOTHING': 0.0}, 'pose': [[1.0, 0.0, 0.0, -0.3468488891697199], [0.0, 1.0, 0.0, -0.39141345348110235], [0.0, 0.0, 1.0, 0.0125], [0.0, 0.0, 0.0, 1.0]], 'index': 12, 'score': 1.6858443322541368}, {'name': 'ObjectReading', 'time': 1722539366.7421606, 'ts': 1722539366.7382753, 'labels': {'bluBlock': 0.9723958668166096, 'ylwBlock': 0.01380205635714269, 'grnBlock': 0.013802076826247681, 'NOTHING': 0.0}, 'pose': [[1.0, 0.0, 0.0, -0.3588951267394608], [0.0, 1.0, 0.0, -0.3352159863786887], [0.0, 0.0, 1.0, 0.0125], [0.0, 0.0, 0.0, 1.0]], 'index': 13, 'score': 0.8546502030954009}, {'name': 'ObjectReading', 'time': 1722539366.742162, 'ts': 1722539366.7392492, 'labels': {'bluBlock': 1.0, 'ylwBlock': 0.0, 'grnBlock': 0.0, 'NOTHING': 0.0}, 'pose': [[1.0, 0.0, 0.0, -0.3298110352786473], [0.0, 1.0, 0.0, -0.419676325147988], [0.0, 0.0, 1.0, 0.0125], [0.0, 0.0, 0.0, 1.0]], 'index': 14, 'score': 1.4163178085581005}, {'name': 'ObjectReading', 'time': 1722539366.7421632, 'ts': 1722539365.2567399, 'labels': {'grnBlock': 0.0, 'bluBlock': 1.0, 'ylwBlock': 0.0, 'NOTHING': 0.0}, 'pose': [[-0.37780030745462745, -0.6977742570904061, 0.6085868991599481, -0.3394017462850728], [-0.9254321365969099, 0.26397760043225293, -0.27182933436939377, -0.5783220309343129], [0.029022202550234688, -0.6659030804944228, -0.745473540205936, 0.0125], [0.0, 0.0, 0.0, 1.0]], 'index': 111, 'score': 1.2864605611206195}]}
{'time': 1722539368.1923325, 'symbols': [{'name': 'GraspObj', 'time': 1722539368.1923344, 'label': 'bluBlock', 'labels': {'bluBlock': 1.0, 'ylwBlock': 0.0, 'grnBlock': 0.0, 'NOTHING': 0.0}, 'pose': [[-0.37780030745462745, -0.6977742570904061, 0.6085868991599481, -0.32976460078042125], [-0.9254321365969099, 0.26397760043225293, -0.27182933436939377, -0.4195915678242124], [0.029022202550234688, -0.6659030804944228, -0.745473540205936, 0.0125], [0.0, 0.0, 0.0, 1.0]], 'index': 812, 'prob': 1.0, 'score': 1.7606702749626244}, {'name': 'GraspObj', 'time': 1722539368.1923382, 'label': 'grnBlock', 'labels': {'bluBlock': 0.25, 'ylwBlock': 0.25, 'grnBlock': 0.5, 'NOTHING': 0.0}, 'pose': [[-0.3778159145595361, -0.6977421043959987, 0.6086140734969778, -0.3469146814312801], [-0.9254281957528194, 0.26403284498647905, -0.27178909336841983, -0.3913335079339185], [0.028944588634544743, -0.6659148688243786, -0.7454660275742871, 0.0125], [0.0, 0.0, 0.0, 1.0]], 'index': 818, 'prob': 0.5, 'score': 1.7606698971638104}], 'LKGmem': [{'name': 'ObjectReading', 'time': 1722539368.1923404, 'ts': 1722539368.1323674, 'labels': {'bluBlock': 0.375, 'ylwBlock': 0.25, 'grnBlock': 0.375, 'NOTHING': 0.0}, 'pose': [[-0.37776353497016524, -0.6977600938700668, 0.6086259631738365, -0.34729515994372195], [-0.925447625222761, 0.26394982153938007, -0.27180357738426003, -0.33617253055545077], [0.029006975305893773, -0.6659289324783576, -0.7454510394867246, 0.0125], [0.0, 0.0, 0.0, 1.0]], 'index': 807, 'score': 1.7496640013534317}, {'name': 'ObjectReading', 'time': 1722539368.192342, 'ts': 1722539368.145972, 'labels': {'bluBlock': 0.3333333333333333, 'ylwBlock': 0.3333333333333333, 'grnBlock': 0.3333333333333333, 'NOTHING': 0.0}, 'pose': [[-0.37776353497016524, -0.6977600938700668, 0.6086259631738365, -0.35262459112435424], [-0.925447625222761, 0.26394982153938007, -0.27180357738426003, -0.4463288112947821], [0.029006975305893773, -0.6659289324783576, -0.7454510394867246, 0.0125], [0.0, 0.0, 0.0, 1.0]], 'index': 808, 'score': 1.2422510966997586}, {'name': 'ObjectReading', 'time': 1722539368.1923432, 'ts': 1722539368.1923168, 'labels': {'bluBlock': 0.25, 'ylwBlock': 0.25, 'grnBlock': 0.5, 'NOTHING': 0.0}, 'pose': [[-0.3778159145595361, -0.6977421043959987, 0.6086140734969778, -0.3469146814312801], [-0.9254281957528194, 0.26403284498647905, -0.27178909336841983, -0.3913335079339185], [0.028944588634544743, -0.6659148688243786, -0.7454660275742871, 0.0125], [0.0, 0.0, 0.0, 1.0]], 'index': 7, 'score': 1.7782769777122507}, {'name': 'ObjectReading', 'time': 1722539368.1923447, 'ts': 1722539368.1923208, 'labels': {'bluBlock': 1.0, 'ylwBlock': 0.0, 'grnBlock': 0.0, 'NOTHING': 0.0}, 'pose': [[-0.37780030745462745, -0.6977742570904061, 0.6085868991599481, -0.32976460078042125], [-0.9254321365969099, 0.26397760043225293, -0.27182933436939377, -0.4195915678242124], [0.029022202550234688, -0.6659030804944228, -0.745473540205936, 0.0125], [0.0, 0.0, 0.0, 1.0]], 'index': 109, 'score': 1.7782769777122507}, {'name': 'ObjectReading', 'time': 1722539368.192346, 'ts': 1722539365.2567399, 'labels': {'bluBlock': 1.0, 'ylwBlock': 0.0, 'grnBlock': 0.0, 'NOTHING': 0.0}, 'pose': [[-0.37780030745462745, -0.6977742570904061, 0.6085868991599481, -0.3394017462850728], [-0.9254321365969099, 0.26397760043225293, -0.27182933436939377, -0.5783220309343129], [0.029022202550234688, -0.6659030804944228, -0.745473540205936, 0.0125], [0.0, 0.0, 0.0, 1.0]], 'index': 110, 'score': 0.8014440469088392}], 'beliefs': [{'name': 'ObjectReading', 'time': 1722539368.1923478, 'ts': 1722539368.1861777, 'labels': {'bluBlock': 0.487212772411357, 'ylwBlock': 7.610891801081241e-06, 'grnBlock': 0.5127796166968418, 'NOTHING': 0.0}, 'pose': [[1.0, 0.0, 0.0, -0.34724386324965895], [0.0, 1.0, 0.0, -0.336229106507725], [0.0, 0.0, 1.0, 0.0125], [0.0, 0.0, 0.0, 1.0]], 'index': 10, 'score': 1.7533687231468196}, {'name': 'ObjectReading', 'time': 1722539368.1923492, 'ts': 1722539368.1871006, 'labels': {'bluBlock': 0.20368108987463623, 'ylwBlock': 0.41069615373388746, 'grnBlock': 0.3856227563914764, 'NOTHING': 0.0}, 'pose': [[1.0, 0.0, 0.0, -0.3527047486142808], [0.0, 1.0, 0.0, -0.44625713949071155], [0.0, 0.0, 1.0, 0.0125], [0.0, 0.0, 0.0, 1.0]], 'index': 11, 'score': 1.2442415198423213}, {'name': 'ObjectReading', 'time': 1722539368.1923504, 'ts': 1722539368.1879668, 'labels': {'bluBlock': 0.36653365134401894, 'ylwBlock': 0.2472350451057556, 'grnBlock': 0.38623130355022556, 'NOTHING': 0.0}, 'pose': [[1.0, 0.0, 0.0, -0.3466928402352554], [0.0, 1.0, 0.0, -0.3914346226909077], [0.0, 0.0, 1.0, 0.0125], [0.0, 0.0, 0.0, 1.0]], 'index': 12, 'score': 1.6212260135634333}, {'name': 'ObjectReading', 'time': 1722539368.1923518, 'ts': 1722539368.1888282, 'labels': {'bluBlock': 0.9723958668166096, 'ylwBlock': 0.01380205635714269, 'grnBlock': 0.013802076826247681, 'NOTHING': 0.0}, 'pose': [[1.0, 0.0, 0.0, -0.3587467416863253], [0.0, 1.0, 0.0, -0.3355876669681166], [0.0, 0.0, 1.0, 0.0125], [0.0, 0.0, 0.0, 1.0]], 'index': 13, 'score': 1.053034019050012}, {'name': 'ObjectReading', 'time': 1722539368.192353, 'ts': 1722539368.1898472, 'labels': {'bluBlock': 1.0, 'ylwBlock': 0.0, 'grnBlock': 0.0, 'NOTHING': 0.0}, 'pose': [[1.0, 0.0, 0.0, -0.32982685624104074], [0.0, 1.0, 0.0, -0.41986613654888183], [0.0, 0.0, 1.0, 0.0125], [0.0, 0.0, 0.0, 1.0]], 'index': 14, 'score': 1.2438904076013364}, {'name': 'ObjectReading', 'time': 1722539368.1923542, 'ts': 1722539365.2567399, 'labels': {'grnBlock': 0.0, 'bluBlock': 1.0, 'ylwBlock': 0.0, 'NOTHING': 0.0}, 'pose': [[-0.37780030745462745, -0.6977742570904061, 0.6085868991599481, -0.3394017462850728], [-0.9254321365969099, 0.26397760043225293, -0.27182933436939377, -0.5783220309343129], [0.029022202550234688, -0.6659030804944228, -0.745473540205936, 0.0125], [0.0, 0.0, 0.0, 1.0]], 'index': 111, 'score': 1.1736637806008887}]}
{'time': 1722539369.728118, 'symbols': [{'name': 'GraspObj', 'time': 1722539369.7281199, 'label': 'bluBlock', 'labels': {'bluBlock': 0.487212772411357, 'ylwBlock': 7.610891801081241e-06, 'grnBlock': 0.5127796166968418, 'NOTHING': 0.0}, 'pose': [[1.0, 0.0, 0.0, -0.34748933522896935], [0.0, 1.0, 0.0, -0.3363560512290116], [0.0, 0.0, 1.0, 0.0125], [0.0, 0.0, 0.0, 1.0]], 'index': 906, 'prob': 0.3784697489003399, 'score': 1.753610368209551}, {'name': 'GraspObj', 'time': 1722539369.7281234, 'label': 'grnBlock', 'labels': {'bluBlock': 0.25, 'ylwBlock': 0.25, 'grnBlock': 0.5, 'NOTHING': 0.0}, 'pose': [[-0.3778159145595361, -0.6977421043959987, 0.6086140734969778, -0.3469146814312801], [-0.9254281957528194, 0.26403284498647905, -0.27178909336841983, -0.3913335079339185], [0.028944588634544743, -0.6659148688243786, -0.7454660275742871, 0.0125], [0.0, 0.0, 0.0, 1.0]], 'index': 928, 'prob': 0.5, 'score': 1.6468641142902358}], 'LKGmem': [{'name': 'ObjectReading', 'time': 1722539369.7281253, 'ts': 1722539369.7280834, 'labels': {'bluBlock': 0.375, 'ylwBlock': 0.25, 'grnBlock': 0.375, 'NOTHING': 0.0}, 'pose': [[-0.3777561333843403, -0.6977589255641785, 0.6086318965401303, -0.34773459476292873], [-0.9254498820925803, 0.26392523517037253, -0.27181976744727876, -0.3364828860851479], [0.029031352454574333, -0.6659399012191618, -0.7454402917329271, 0.0125], [0.0, 0.0, 0.0, 1.0]], 'index': 901, 'score': 1.7669918038683787}, {'name': 'ObjectReading', 'time': 1722539369.7281272, 'ts': 1722539369.6815012, 'labels': {'bluBlock': 0.3333333333333333, 'ylwBlock': 0.3333333333333333, 'grnBlock': 0.3333333333333333, 'NOTHING': 0.0}, 'pose': [[-0.3777561333843403, -0.6977589255641785, 0.6086318965401303, -0.3527048486243183], [-0.9254498820925803, 0.26392523517037253, -0.27181976744727876, -0.4460864808941362], [0.029031352454574333, -0.6659399012191618, -0.7454402917329271, 0.0125], [0.0, 0.0, 0.0, 1.0]], 'index': 902, 'score': 1.2422361991492974}, {'name': 'ObjectReading', 'time': 1722539369.7281287, 'ts': 1722539369.7281027, 'labels': {'bluBlock': 0.25, 'ylwBlock': 0.25, 'grnBlock': 0.5, 'NOTHING': 0.0}, 'pose': [[-0.3778159145595361, -0.6977421043959987, 0.6086140734969778, -0.3469146814312801], [-0.9254281957528194, 0.26403284498647905, -0.27178909336841983, -0.3913335079339185], [0.028944588634544743, -0.6659148688243786, -0.7454660275742871, 0.0125], [0.0, 0.0, 0.0, 1.0]], 'index': 7, 'score': 1.7669918038683787}, {'name': 'ObjectReading', 'time': 1722539369.72813, 'ts': 1722539368.1923208, 'labels': {'bluBlock': 1.0, 'ylwBlock': 0.0, 'grnBlock': 0.0, 'NOTHING': 0.0}, 'pose': [[-0.37780030745462745, -0.6977742570904061, 0.6085868991599481, -0.32976460078042125], [-0.9254321365969099, 0.26397760043225293, -0.27182933436939377, -0.4195915678242124], [0.029022202550234688, -0.6659030804944228, -0.745473540205936, 0.0125], [0.0, 0.0, 0.0, 1.0]], 'index': 109, 'score': 1.6468644480368215}, {'name': 'ObjectReading', 'time': 1722539369.7281315, 'ts': 1722539365.2567399, 'labels': {'bluBlock': 1.0, 'ylwBlock': 0.0, 'grnBlock': 0.0, 'NOTHING': 0.0}, 'pose': [[-0.37780030745462745, -0.6977742570904061, 0.6085868991599481, -0.3394017462850728], [-0.9254321365969099, 0.26397760043225293, -0.27182933436939377, -0.5783220309343129], [0.029022202550234688, -0.6659030804944228, -0.745473540205936, 0.0125], [0.0, 0.0, 0.0, 1.0]], 'index': 110, 'score': 0.6408941756577032}], 'beliefs': [{'name': 'ObjectReading', 'time': 1722539369.7281334, 'ts': 1722539369.7218482, 'labels': {'bluBlock': 0.487212772411357, 'ylwBlock': 7.610891801081241e-06, 'grnBlock': 0.5127796166968418, 'NOTHING': 0.0}, 'pose': [[1.0, 0.0, 0.0, -0.34748933522896935], [0.0, 1.0, 0.0, -0.3363560512290116], [0.0, 0.0, 1.0, 0.0125], [0.0, 0.0, 0.0, 1.0]], 'index': 10, 'score': 1.753610368209551}, {'name': 'ObjectReading', 'time': 1722539369.7281346, 'ts': 1722539369.722728, 'labels': {'bluBlock': 0.20368108987463623, 'ylwBlock': 0.41069615373388746, 'grnBlock': 0.3856227563914764, 'NOTHING': 0.0}, 'pose': [[1.0, 0.0, 0.0, -0.3527047986367954], [0.0, 1.0, 0.0, -0.44617178033731264], [0.0, 0.0, 1.0, 0.0125], [0.0, 0.0, 0.0, 1.0]], 'index': 11, 'score': 1.2443642881144388}, {'name': 'ObjectReading', 'time': 1722539369.7281363, 'ts': 1722539369.7235582, 'labels': {'bluBlock': 0.36653365134401894, 'ylwBlock': 0.2472350451057556, 'grnBlock': 0.38623130355022556, 'NOTHING': 0.0}, 'pose': [[1.0, 0.0, 0.0, -0.34664347499529014], [0.0, 1.0, 0.0, -0.3914951530342122], [0.0, 0.0, 1.0, 0.0125], [0.0, 0.0, 0.0, 1.0]], 'index': 12, 'score': 1.5868923607326662}, {'name': 'ObjectReading', 'time': 1722539369.7281375, 'ts': 1722539369.7243924, 'labels': {'bluBlock': 0.9723958668166096, 'ylwBlock': 0.01380205635714269, 'grnBlock': 0.013802076826247681, 'NOTHING': 0.0}, 'pose': [[1.0, 0.0, 0.0, -0.3591541917675271], [0.0, 1.0, 0.0, -0.33579598122241394], [0.0, 0.0, 1.0, 0.0125], [0.0, 0.0, 0.0, 1.0]], 'index': 13, 'score': 1.1284107573702982}, {'name': 'ObjectReading', 'time': 1722539369.7281387, 'ts': 1722539369.7253711, 'labels': {'bluBlock': 1.0, 'ylwBlock': 0.0, 'grnBlock': 0.0, 'NOTHING': 0.0}, 'pose': [[1.0, 0.0, 0.0, -0.32976721554020044], [0.0, 1.0, 0.0, -0.4198544588480592], [0.0, 0.0, 1.0, 0.0125], [0.0, 0.0, 0.0, 1.0]], 'index': 14, 'score': 1.135064175617991}, {'name': 'ObjectReading', 'time': 1722539369.72814, 'ts': 1722539365.2567399, 'labels': {'grnBlock': 0.0, 'bluBlock': 1.0, 'ylwBlock': 0.0, 'NOTHING': 0.0}, 'pose': [[-0.37780030745462745, -0.6977742570904061, 0.6085868991599481, -0.3394017462850728], [-0.9254321365969099, 0.26397760043225293, -0.27182933436939377, -0.5783220309343129], [0.029022202550234688, -0.6659030804944228, -0.745473540205936, 0.0125], [0.0, 0.0, 0.0, 1.0]], 'index': 111, 'score': 1.0562822290712863}]}
{'time': 1722539371.2232502, 'symbols': [{'name': 'GraspObj', 'time': 1722539371.2232518, 'label': 'grnBlock', 'labels': {'bluBlock': 0.25, 'ylwBlock': 0.25, 'grnBlock': 0.5, 'NOTHING': 0.0}, 'pose': [[-0.37774536003623005, -0.6977544839831715, 0.608643674946579, -0.34645983498608884], [-0.9254545136782356, 0.26391912798436234, -0.2718099280684094, -0.3911548781543465], [0.02902388815577714, -0.6659469753406436, -0.7454342626623551, 0.0125], [0.0, 0.0, 0.0, 1.0]], 'index': 1002, 'prob': 0.5, 'score': 1.9967504226474841}, {'name': 'GraspObj', 'time': 1722539371.2232552, 'label': 'bluBlock', 'labels': {'bluBlock': 0.487212772411357, 'ylwBlock': 7.610891801081241e-06, 'grnBlock': 0.5127796166968418, 'NOTHING': 0.0}, 'pose': [[1.0, 0.0, 0.0, -0.347998465803922], [0.0, 1.0, 0.0, -0.3362742881583035], [0.0, 0.0, 1.0, 0.0125], [0.0, 0.0, 0.0, 1.0]], 'index': 1012, 'prob': 0.3784718167807827, 'score': 1.7537500625301277}], 'LKGmem': [{'name': 'ObjectReading', 'time': 1722539371.2232573, 'ts': 1722539371.2232194, 'labels': {'bluBlock': 0.375, 'ylwBlock': 0.25, 'grnBlock': 0.375, 'NOTHING': 0.0}, 'pose': [[-0.3777561333843403, -0.6977589255641785, 0.6086318965401303, -0.34773459476292873], [-0.9254498820925803, 0.26392523517037253, -0.27181976744727876, -0.3364828860851479], [0.029031352454574333, -0.6659399012191618, -0.7454402917329271, 0.0125], [0.0, 0.0, 0.0, 1.0]], 'index': 901, 'score': 2.016717926873959}, {'name': 'ObjectReading', 'time': 1722539371.2232592, 'ts': 1722539371.1770427, 'labels': {'bluBlock': 0.3333333333333333, 'ylwBlock': 0.3333333333333333, 'grnBlock': 0.3333333333333333, 'NOTHING': 0.0}, 'pose': [[-0.37774536003623005, -0.6977544839831715, 0.608643674946579, -0.3528464175683698], [-0.9254545136782356, 0.26391912798436234, -0.2718099280684094, -0.44640146380327145], [0.02902388815577714, -0.6659469753406436, -0.7454342626623551, 0.0125], [0.0, 0.0, 0.0, 1.0]], 'index': 996, 'score': 1.2422607372575478}, {'name': 'ObjectReading', 'time': 1722539371.2232606, 'ts': 1722539371.2232313, 'labels': {'bluBlock': 0.25, 'ylwBlock': 0.25, 'grnBlock': 0.5, 'NOTHING': 0.0}, 'pose': [[-0.37774536003623005, -0.6977544839831715, 0.608643674946579, -0.34645983498608884], [-0.9254545136782356, 0.26391912798436234, -0.2718099280684094, -0.3911548781543465], [0.02902388815577714, -0.6659469753406436, -0.7454342626623551, 0.0125], [0.0, 0.0, 0.0, 1.0]], 'index': 997, 'score': 2.016717926873959}, {'name': 'ObjectReading', 'time': 1722539371.2232618, 'ts': 1722539368.1923208, 'labels': {'bluBlock': 1.0, 'ylwBlock': 0.0, 'grnBlock': 0.0, 'NOTHING': 0.0}, 'pose': [[-0.37780030745462745, -0.6977742570904061, 0.6085868991599481, -0.32976460078042125], [-0.9254321365969099, 0.26397760043225293, -0.27182933436939377, -0.4195915678242124], [0.029022202550234688, -0.6659030804944228, -0.745473540205936, 0.0125], [0.0, 0.0, 0.0, 1.0]], 'index': 109, 'score': 1.415303590718451}, {'name': 'ObjectReading', 'time': 1722539371.2232635, 'ts': 1722539365.2567399, 'labels': {'bluBlock': 1.0, 'ylwBlock': 0.0, 'grnBlock': 0.0, 'NOTHING': 0.0}, 'pose': [[-0.37780030745462745, -0.6977742570904061, 0.6085868991599481, -0.3394017462850728], [-0.9254321365969099, 0.26397760043225293, -0.27182933436939377, -0.5783220309343129], [0.029022202550234688, -0.6659030804944228, -0.745473540205936, 0.0125], [0.0, 0.0, 0.0, 1.0]], 'index': 110, 'score': 0.4755900371490396}], 'beliefs': [{'name': 'ObjectReading', 'time': 1722539371.2232652, 'ts': 1722539371.2172115, 'labels': {'bluBlock': 0.487212772411357, 'ylwBlock': 7.610891801081241e-06, 'grnBlock': 0.5127796166968418, 'NOTHING': 0.0}, 'pose': [[1.0, 0.0, 0.0, -0.347998465803922], [0.0, 1.0, 0.0, -0.3362742881583035], [0.0, 0.0, 1.0, 0.0125], [0.0, 0.0, 0.0, 1.0]], 'index': 10, 'score': 1.7537500625301277}, {'name': 'ObjectReading', 'time': 1722539371.2232668, 'ts': 1722539371.2181213, 'labels': {'bluBlock': 0.20368108987463623, 'ylwBlock': 0.41069615373388746, 'grnBlock': 0.3856227563914764, 'NOTHING': 0.0}, 'pose': [[1.0, 0.0, 0.0, -0.3527756293842957], [0.0, 1.0, 0.0, -0.44628665658585837], [0.0, 0.0, 1.0, 0.0125], [0.0, 0.0, 0.0, 1.0]], 'index': 11, 'score': 1.2444409709168454}, {'name': 'ObjectReading', 'time': 1722539371.223268, 'ts': 1722539371.2189844, 'labels': {'bluBlock': 0.36653365134401894, 'ylwBlock': 0.2472350451057556, 'grnBlock': 0.38623130355022556, 'NOTHING': 0.0}, 'pose': [[1.0, 0.0, 0.0, -0.34654107994646643], [0.0, 1.0, 0.0, -0.3913054206164843], [0.0, 0.0, 1.0, 0.0125], [0.0, 0.0, 0.0, 1.0]], 'index': 12, 'score': 1.8168793088201995}, {'name': 'ObjectReading', 'time': 1722539371.2232695, 'ts': 1722539371.2198048, 'labels': {'bluBlock': 0.9723958668166096, 'ylwBlock': 0.01380205635714269, 'grnBlock': 0.013802076826247681, 'NOTHING': 0.0}, 'pose': [[1.0, 0.0, 0.0, -0.35923269989906115], [0.0, 1.0, 0.0, -0.33562666672966446], [0.0, 0.0, 1.0, 0.0125], [0.0, 0.0, 0.0, 1.0]], 'index': 13, 'score': 1.067913581410315}, {'name': 'ObjectReading', 'time': 1722539371.2232707, 'ts': 1722539371.2207506, 'labels': {'bluBlock': 1.0, 'ylwBlock': 0.0, 'grnBlock': 0.0, 'NOTHING': 0.0}, 'pose': [[1.0, 0.0, 0.0, -0.32971754410680376], [0.0, 1.0, 0.0, -0.4199375642403142], [0.0, 0.0, 1.0, 0.0125], [0.0, 0.0, 0.0, 1.0]], 'index': 14, 'score': 1.0716888500783184}, {'name': 'ObjectReading', 'time': 1722539371.223272, 'ts': 1722539365.2567399, 'labels': {'grnBlock': 0.0, 'bluBlock': 1.0, 'ylwBlock': 0.0, 'NOTHING': 0.0}, 'pose': [[-0.37780030745462745, -0.6977742570904061, 0.6085868991599481, -0.3394017462850728], [-0.9254321365969099, 0.26397760043225293, -0.27182933436939377, -0.5783220309343129], [0.029022202550234688, -0.6659030804944228, -0.745473540205936, 0.0125], [0.0, 0.0, 0.0, 1.0]], 'index': 111, 'score': 0.9702499501545508}]}
